#Base	G	A	T	C
1	24.634350375993954	20.368438095923434	23.999748138020365	30.997463390062247
2	20.137714532436224	24.21203180657	24.792213866800992	30.85803979419278
3	24.08115352786673	19.969506710322744	31.307793329255567	24.641546432554957
4	20.10488252437664	30.544111826718957	23.951174756233584	25.399830892670817
5	24.35595293779009	0.457399345158853	24.878116791997982	50.30853092505308
6	31.104054977872124	24.282643111574856	24.126578634908068	20.486723275644948
7	31.731461159284713	0.8216997085597092	19.471179793473176	47.975659338682405
8	55.030043536142195	19.683463462022814	1.2053394739682655	24.08115352786673
9	35.800381390997735	6.986471413665312	34.367466628287694	22.845680567049257
10-14	65.94367286726873	10.08905119994243	6.720217320908143	17.24705861188069
15-19	41.202191199222824	19.384647213327096	15.118285179721514	24.294876407728562
20-24	49.514356132839204	31.474112186521786	13.949375742093334	5.0621559385456765
25-29	25.315816932321088	29.178120390026262	40.63981937898032	4.866243298672328
30-34	15.556884827114741	22.70256899219228	33.55287302558198	28.187673155111
35-39	38.46679019897096	25.1626308782787	15.209675098046272	21.16090382470406
40-44	52.02389090778253	23.815079336523585	4.951336667506206	19.209693088187674
45-49	20.397941927823553	29.736714280574244	11.411146691612997	38.45419709998921
50-54	39.70784010362321	16.015003777929696	13.088097722448097	31.18905839599899
55-59	27.86070233512035	39.66205519375382	7.522217824632102	24.95502464649372
60-64	31.405479797071205	16.773737991580614	13.040693699852483	38.780088511495705
65-69	41.64618788903681	12.585992875904003	18.96619652430468	26.801622710754508
70-74	45.80964631382003	43.40148598567985	10.53538660813874	0.25348109236138594
75-79	43.51059619328608	40.39002626560645	4.997211528082611	11.102166013024863
80-84	37.21899399129277	10.30250422768323	20.891321555787428	31.587180225236573
85-89	45.290360882236534	5.195462886338287	39.148346706005114	10.36582952542007
90-94	23.290306911812326	39.03995610405498	30.86370668873457	6.806030295398122
95-99	4.157071924585328	25.120983700931887	45.27947684668801	25.442467527794772
100-104	8.658565106321737	6.447037023711006	60.00656640161191	24.887831468355344
105-109	37.38711186269924	25.84868492066348	23.322239412801785	13.441963803835499
110-114	34.26357356168819	49.97139567517001	8.255136185370416	7.509894577771381
115-119	26.69961860900227	36.74162558917713	16.98674126578635	19.572014536034253
120-124	51.10117655524773	27.207030547260104	6.283416687655165	15.40837620983701
125-129	44.4419458136941	24.828913755262118	8.759040046054762	21.970100384989024
130-134	31.3409851401432	30.647824991904436	26.4563019465333	11.554887921419061
135-139	30.531248875616164	33.51635303853489	24.39804986867197	11.554348217176987
140-144	29.375112438383766	36.872503867880404	13.140628935343432	20.6117547583924
145-149	22.466718238405353	32.38999028532364	21.212355629115244	23.93093584715576
150-154	23.816518547835784	18.942359586946353	24.275896808548918	32.96522505666894
155-159	18.679253768934622	22.351671284136295	20.139783398697514	38.82929154823157
160-164	34.92749973014788	11.558485949699564	11.894092037563416	41.61992228258914
165-169	29.822707156478252	22.456913611340983	9.060284963839816	38.66009426834095
170-174	37.19776562443781	22.29392293023423	10.713668909437628	29.794642535890333
175-179	37.18274385636671	30.74290288921671	15.717896592667218	16.35645666174936
180-184	33.40769258446372	40.495808297053216	12.094322311373368	14.002176807109704
185-189	41.13050048573382	26.44541791098478	17.734771345302775	14.689310257978628
190-194	32.65498506818263	21.651045227215484	21.492821933580398	24.201147771021482
195-199	25.18637786493002	23.91159644514806	30.692620443996688	20.209405245925232
200-204	29.906901018242003	25.02257762746015	25.205627316230704	19.86489403806714
205-209	38.29453459504192	29.86975137624582	23.592631238081534	8.243082790630735
210-214	46.02426870075199	16.730471701507575	25.474849782319286	11.77040981542115
215-219	44.71557586442629	28.41641780304393	11.79190803439715	15.076098298132623
220-224	46.902457453315584	19.62931313640125	20.259147986903177	13.209081423379986
225-229	39.29631561904077	10.298906199402728	37.62862951102795	12.776148670528551
230-234	43.18992192278631	14.018997589321053	33.44951966322455	9.341560824668083
235-239	30.93746626848487	18.96196884107509	40.79138632029648	9.309178570143562
240-244	35.994584967437845	17.81473752383694	27.765534487101068	18.425143021624148
245-249	25.241787500449753	11.812776598424064	41.119886302306334	21.825549598819848
250-254	21.86260929010902	27.216835174324473	33.49134674198539	17.429208793581115
255-259	16.8130464505451	29.48575180800921	28.36217752671536	25.339024214730326
260-264	34.447702658942895	17.336469614651172	18.18416507753751	30.03166264886842
265-269	22.459072428309288	20.550318425502827	16.64726729752096	40.34334184866693
270-274	20.068452488036556	20.634332385852552	32.124095995394526	27.173119130716366
275-279	30.93782607131292	29.299104090958156	26.68225812254884	13.080811715180083
280-284	30.332187960997377	30.452092253445112	15.831414384917064	23.38430540064045
285-289	25.707102507825713	36.40080236030655	20.421688914474867	17.47040621739287
290-294	19.467491814485662	35.91254992264239	24.311877091353935	20.30808117151801
295-299	28.016856762494154	30.410265174684277	26.13068038714784	15.44219767567373
300-304	40.437430288202066	25.255280106501637	25.418540639729425	8.88874896556687
305-309	47.08784586046846	19.315655021048467	21.766451984312596	11.830047134170476
310-314	53.420735436980536	19.614291368330157	16.112420393624294	10.852552801065016
315-319	42.07147483179218	30.15264634980031	10.750278847191739	17.025599971215772
320-324	36.17889396610657	26.674612312452776	22.393228510776094	14.753265210664557
325-326	32.75689921922786	20.75545101284496	20.274889360630375	26.212760407296802
