#Tile	Base	Mean
1101	1	-0.13085900088201186
1101	2	-0.07995317861106344
1101	3	0.030719885138189795
1101	4	0.02186304831325714
1101	5	-0.06279136045304767
1101	6	0.059835231743825545
1101	7	0.05384267863057346
1101	8	-0.2057886348853657
1101	9	0.025703066263375263
1101	10-14	-0.05702357006375536
1101	15-19	0.0250572104961293
1101	20-24	0.015395178613168525
1101	25-29	0.022307546883830298
1101	30-34	0.04002626685714006
1101	35-39	-0.04837036882626222
1101	40-44	-0.021088149620958063
1101	45-49	-0.03157825272680981
1101	50-54	0.011929978200676317
1101	55-59	-0.006193170000294401
1101	60-64	0.060700378467579696
1101	65-69	0.013920635871052411
1101	70-74	-0.014654933847936036
1101	75-79	0.03148863753614961
1101	80-84	-0.02154227761236882
1101	85-89	-0.07383375276258874
1101	90-94	-0.0663708211681282
1101	95-99	-0.028858091070794956
1101	100-104	-0.042037819632319895
1101	105-109	0.035185447043673435
1101	110-114	-0.10225888029766139
1101	115-119	-0.11825884813574561
1101	120-124	-0.03788978164931933
1101	125-129	-0.02321736897609128
1101	130-134	-0.1316843023094023
1101	135-139	-0.24901323715999268
1101	140-144	-0.2555270400968013
1101	145-149	-0.19687141514166484
1101	150-154	-0.17434650551952302
1101	155-159	-0.1494772652197156
1101	160-164	-0.0702289639552518
1101	165-169	0.08191235165309507
1101	170-174	-0.15145580033470907
1101	175-179	-0.2997652882319386
1101	180-184	-0.2902184696453105
1101	185-189	-0.3148055345937877
1101	190-194	-0.3881956050630819
1101	195-199	-0.5321644005535902
1101	200-204	-0.5462083141282008
1101	205-209	-0.4782512240683232
1101	210-214	-0.9502699057926378
1101	215-219	-1.137238700000161
1101	220-224	-0.8210543212715891
1101	225-229	-0.6762188963867715
1101	230-234	-1.769623740016634
1101	235-239	-1.1829957580797341
1101	240-244	-1.8846024474143377
1101	245-249	-1.7492191727873703
1101	250-254	-1.5831310961301277
1101	255-259	-2.500709384816499
1101	260-264	-3.2720240246481964
1101	265-269	-1.9864858392503706
1101	270-274	-2.9488921868410394
1101	275-279	-2.9101355128883704
1101	280-284	-2.964222093175561
1101	285-289	-2.7263618669763403
1101	290-294	-2.4949868259560155
1101	295-299	-1.526164031095945
1101	300-304	-1.7790181230829027
1101	305-309	-2.2041712972668677
1101	310-314	-2.4350357256874062
1101	315-319	-2.1494116446761034
1101	320-324	-2.093120974430896
1101	325-326	-2.698875074292289
1102	1	-0.024466522767504273
1102	2	0.01564201036505608
1102	3	0.06413008425898425
1102	4	0.06516706586960197
1102	5	0.0036352455348307444
1102	6	0.10735803518191034
1102	7	0.1719091432869817
1102	8	0.023630229163366323
1102	9	0.11881228145162481
1102	10-14	0.053556898723705615
1102	15-19	0.10092156615784376
1102	20-24	-0.037057492187067
1102	25-29	-0.020370385545561476
1102	30-34	0.02496245729187052
1102	35-39	0.01684503518164604
1102	40-44	0.08558862229040898
1102	45-49	0.12792901289208203
1102	50-54	0.08380544348040075
1102	55-59	0.22179938300058666
1102	60-64	0.20711388407111997
1102	65-69	0.2221445417224075
1102	70-74	0.20274868069731156
1102	75-79	0.18061789413587093
1102	80-84	0.25591962780746513
1102	85-89	0.09370045554898354
1102	90-94	0.05620246906295279
1102	95-99	0.13243409008484264
1102	100-104	0.0865934993394859
1102	105-109	0.09257912826112857
1102	110-114	0.0706870201305847
1102	115-119	0.15680791556145124
1102	120-124	0.1471079834307858
1102	125-129	0.13678407102522527
1102	130-134	0.2461627443157255
1102	135-139	0.17652397165375788
1102	140-144	0.18056526793036198
1102	145-149	0.17081168268126845
1102	150-154	0.1503300462120123
1102	155-159	0.2993221317146748
1102	160-164	0.41036094606753437
1102	165-169	0.4470134703432649
1102	170-174	0.46124288199310826
1102	175-179	0.38144062059972583
1102	180-184	0.47299132640129216
1102	185-189	0.29460253181093776
1102	190-194	0.5103349232801833
1102	195-199	0.44870287927287933
1102	200-204	0.5474202163197077
1102	205-209	0.7345574693126409
1102	210-214	0.8177218223224969
1102	215-219	0.7539723237540343
1102	220-224	0.6413910911649694
1102	225-229	0.923618019127268
1102	230-234	0.9396534014056854
1102	235-239	0.9304115452662458
1102	240-244	0.5954052241808228
1102	245-249	0.8928874671170348
1102	250-254	0.44474498710415844
1102	255-259	0.8058262101863676
1102	260-264	0.3615793049881262
1102	265-269	1.3973193508108785
1102	270-274	0.3643629148328351
1102	275-279	1.3060247559455185
1102	280-284	1.255886925806596
1102	285-289	0.8362124121713066
1102	290-294	0.3881742907910315
1102	295-299	1.1718141471273213
1102	300-304	0.9889400260312016
1102	305-309	0.8161981048660429
1102	310-314	0.45123114898295213
1102	315-319	0.8651222901456173
1102	320-324	0.8754190188059852
1102	325-326	0.03375733485356491
1103	1	0.04168458404210185
1103	2	-0.023003264600205853
1103	3	0.07263899333184298
1103	4	0.021530600711770376
1103	5	0.03851153598549928
1103	6	-0.2426580954514037
1103	7	0.09412847026732862
1103	8	-0.2226969497129474
1103	9	0.02937102177324391
1103	10-14	-0.0768301123940276
1103	15-19	-0.1533536720792057
1103	20-24	-0.12242328531790747
1103	25-29	-0.11611313916875332
1103	30-34	-0.0016785244432924173
1103	35-39	-0.18561922926148355
1103	40-44	-0.22489194650054145
1103	45-49	-0.09188126604379221
1103	50-54	-0.07957057399030987
1103	55-59	0.045647903945592816
1103	60-64	0.1670038235192024
1103	65-69	-0.08562049699110474
1103	70-74	0.044629388459867414
1103	75-79	0.11470626519006544
1103	80-84	0.022129053060588433
1103	85-89	-0.20209006956518039
1103	90-94	-0.25608659188602445
1103	95-99	0.07478941071219225
1103	100-104	0.0387072327125253
1103	105-109	0.056654346645089504
1103	110-114	0.07008708465312452
1103	115-119	-0.023422132085947567
1103	120-124	-0.14820979004548462
1103	125-129	-0.25327635680880434
1103	130-134	-0.11876863845179741
1103	135-139	-0.1841166626523716
1103	140-144	0.09533410354679006
1103	145-149	-0.2970852549800327
1103	150-154	0.12939062294420012
1103	155-159	0.16964983173453163
1103	160-164	0.2332856780508621
1103	165-169	0.3334835914470986
1103	170-174	0.4141203388126442
1103	175-179	0.23026370477682434
1103	180-184	0.20669814593673408
1103	185-189	0.22773857509066886
1103	190-194	0.20223920658374084
1103	195-199	-0.009812233889711308
1103	200-204	0.42546208151723874
1103	205-209	0.5732635443573173
1103	210-214	0.5321109676470925
1103	215-219	0.39710191478042844
1103	220-224	0.6637617979348747
1103	225-229	0.6130412869454105
1103	230-234	-0.0999138012943348
1103	235-239	-0.05597978389793923
1103	240-244	0.2790214640061208
1103	245-249	0.7108787069423315
1103	250-254	0.32789405897233337
1103	255-259	0.05379437079784566
1103	260-264	0.45372554779139307
1103	265-269	0.32210717094190855
1103	270-274	-0.3012695300748476
1103	275-279	-0.7820820040306558
1103	280-284	0.9995668195925766
1103	285-289	-0.09886364996885533
1103	290-294	0.14677688161890146
1103	295-299	0.10513631309912697
1103	300-304	0.026570932324631258
1103	305-309	0.14065152456030106
1103	310-314	0.28748102490115457
1103	315-319	-0.5754586608172545
1103	320-324	0.32820093264358974
1103	325-326	-0.31285585255957926
1104	1	-0.06936719213621245
1104	2	-0.03849548656445023
1104	3	0.06018833161835602
1104	4	0.027236428434079585
1104	5	0.033281677615406124
1104	6	0.02504564264936704
1104	7	0.05768198779693279
1104	8	-0.17035773448192515
1104	9	-0.08786835598390041
1104	10-14	-0.11160721942908225
1104	15-19	-0.025478120651293068
1104	20-24	-0.13997262360440743
1104	25-29	-0.22136737645688953
1104	30-34	-0.012880056832429432
1104	35-39	0.1407599209590913
1104	40-44	0.028690593550535937
1104	45-49	-0.08685804802661323
1104	50-54	-0.14401450247881797
1104	55-59	0.06324251736560171
1104	60-64	-8.136828657470119E-4
1104	65-69	0.08109995808202797
1104	70-74	0.02385390668601417
1104	75-79	0.2866739921461843
1104	80-84	0.012840685287201836
1104	85-89	0.01412771543598268
1104	90-94	0.05997795420174157
1104	95-99	0.23435407289004218
1104	100-104	0.1967766545838927
1104	105-109	0.27983057139549317
1104	110-114	0.08620271037867866
1104	115-119	0.1676784019284412
1104	120-124	-0.08546309861293366
1104	125-129	0.2181097588169223
1104	130-134	0.13386892829999653
1104	135-139	0.2626316540413782
1104	140-144	0.19580891199815653
1104	145-149	0.2173308118878552
1104	150-154	0.2834212707268762
1104	155-159	0.3410997969074998
1104	160-164	0.13070499544114966
1104	165-169	0.511915214386498
1104	170-174	0.32824269776318715
1104	175-179	-0.06129074147347069
1104	180-184	0.07439607953320149
1104	185-189	0.039001635225325515
1104	190-194	0.28358120797680897
1104	195-199	-0.09156287238518246
1104	200-204	0.17519855702223452
1104	205-209	0.024640372776168817
1104	210-214	0.3676356948353927
1104	215-219	0.07993799557913661
1104	220-224	0.5427761931055315
1104	225-229	0.4079867246050384
1104	230-234	-0.692448047869668
1104	235-239	-0.41996167384454
1104	240-244	0.1724821094669906
1104	245-249	0.4662037591828678
1104	250-254	0.11854764615598867
1104	255-259	-0.10225856628132846
1104	260-264	-0.28430208164905224
1104	265-269	-0.39330610976391966
1104	270-274	0.08492619780999533
1104	275-279	0.8914715134989457
1104	280-284	0.695303991638081
1104	285-289	0.14011823997774542
1104	290-294	1.0130794123827762
1104	295-299	-0.4495107730397123
1104	300-304	0.47917599385237963
1104	305-309	0.05672884055751837
1104	310-314	0.3155376768630731
1104	315-319	0.3743451469375607
1104	320-324	0.724250387020188
1104	325-326	2.7890915586315046
1105	1	-0.028322988065006882
1105	2	0.0055212070732295615
1105	3	-0.03191058102395061
1105	4	0.07841605538238383
1105	5	-0.006746145114064461
1105	6	-0.037385155408721005
1105	7	-0.0877655890704574
1105	8	-0.08940778700442564
1105	9	-0.2964877240104684
1105	10-14	-0.13326238792694767
1105	15-19	0.05591642268686314
1105	20-24	0.020736004280770715
1105	25-29	-0.03328231839822848
1105	30-34	-0.05693138692923583
1105	35-39	0.05975432802265601
1105	40-44	-0.11038103578256653
1105	45-49	-0.20647420792213467
1105	50-54	-0.15458032594644067
1105	55-59	-0.08334408797749404
1105	60-64	-0.3266757616211109
1105	65-69	-0.42226318531859164
1105	70-74	-0.3234186141100608
1105	75-79	0.02603861185490075
1105	80-84	-0.10094235420405084
1105	85-89	0.20170401501295743
1105	90-94	0.13213648697861657
1105	95-99	0.26782708768151764
1105	100-104	0.2776777703321258
1105	105-109	0.31370673185882936
1105	110-114	0.26450552388121906
1105	115-119	0.2987836456612314
1105	120-124	0.26007248892929624
1105	125-129	0.23067995442774958
1105	130-134	0.42459544222555934
1105	135-139	0.1581947804076691
1105	140-144	0.4833971356020541
1105	145-149	0.4968765632435037
1105	150-154	0.45278958120582047
1105	155-159	0.43224649082908684
1105	160-164	0.288898789269048
1105	165-169	0.5859600146590509
1105	170-174	0.5790333743097662
1105	175-179	0.06174818195724896
1105	180-184	0.10151756265502598
1105	185-189	-0.03960155019328937
1105	190-194	0.03403517271576817
1105	195-199	0.07147548323472819
1105	200-204	0.31906307736405637
1105	205-209	0.05680912614754874
1105	210-214	0.0994126587510138
1105	215-219	-0.08046571790353596
1105	220-224	-0.23332351447191257
1105	225-229	0.29909140052702554
1105	230-234	-0.44115826562511273
1105	235-239	-0.5512173874407651
1105	240-244	0.4309598086976152
1105	245-249	0.42571487407937525
1105	250-254	0.13027066804509246
1105	255-259	0.6010512029035695
1105	260-264	0.4511929074205838
1105	265-269	-0.4337331034896117
1105	270-274	-0.016981078685478934
1105	275-279	-0.34044172500998116
1105	280-284	-1.5631623513764232
1105	285-289	0.10370226178167741
1105	290-294	-0.05189972057012682
1105	295-299	-1.226952785361206
1105	300-304	-0.04917423185241887
1105	305-309	-0.5928177625143398
1105	310-314	0.14219752980008238
1105	315-319	0.10533285383362667
1105	320-324	0.20606227130034327
1105	325-326	-0.6749617588031214
1106	1	-0.04227698624382015
1106	2	0.08390810802092119
1106	3	-0.08288412885257657
1106	4	0.002626031437152676
1106	5	0.048291346595043194
1106	6	-0.029754721359282144
1106	7	-0.10386959905325455
1106	8	0.1309276710464573
1106	9	0.08919909936816595
1106	10-14	0.12008769582514844
1106	15-19	0.09881604383510734
1106	20-24	0.21699245431618408
1106	25-29	0.04697410915339617
1106	30-34	0.08923119330977158
1106	35-39	0.19412472587320195
1106	40-44	0.029180867694549306
1106	45-49	0.027460004527135595
1106	50-54	0.05156393000896031
1106	55-59	-0.0416647741825642
1106	60-64	-0.1709570112697989
1106	65-69	-0.07936187788657634
1106	70-74	0.02765779702841087
1106	75-79	0.1035014292978218
1106	80-84	0.022866848408568785
1106	85-89	0.058206887316316624
1106	90-94	-0.12629436976595088
1106	95-99	0.054464413010627766
1106	100-104	0.023139980712890917
1106	105-109	0.11730526141938213
1106	110-114	0.10904084028427263
1106	115-119	-0.07493449762792181
1106	120-124	-0.007872380833383374
1106	125-129	0.08302501305421117
1106	130-134	-0.01186875797004916
1106	135-139	0.06749913214398617
1106	140-144	-0.07352449717031107
1106	145-149	-0.027268209838915425
1106	150-154	0.22797479137299348
1106	155-159	0.04164808492934213
1106	160-164	-0.10470963315628268
1106	165-169	0.18272740867611503
1106	170-174	0.3209397743187594
1106	175-179	0.08255523736853121
1106	180-184	0.01254304802370143
1106	185-189	-0.07076744679037006
1106	190-194	-0.3370501195172082
1106	195-199	-0.07703665238745572
1106	200-204	-0.17002610456348322
1106	205-209	-0.0498494463570367
1106	210-214	-0.4448702771814439
1106	215-219	-0.6932561802825461
1106	220-224	-0.33584057404269174
1106	225-229	0.2188057440567519
1106	230-234	-0.44385744384283043
1106	235-239	-1.02057480090631
1106	240-244	0.6452690506568501
1106	245-249	-0.33898108895728285
1106	250-254	-0.14530857042915812
1106	255-259	0.22939426047330613
1106	260-264	-0.04337613465781942
1106	265-269	-0.40337549891191316
1106	270-274	-0.2054457735243247
1106	275-279	-1.9582679928143314
1106	280-284	-0.6910877726663216
1106	285-289	-0.3022216530947155
1106	290-294	-0.3665838796204106
1106	295-299	-2.4144669782495853
1106	300-304	0.18139303400708684
1106	305-309	0.7073817810648535
1106	310-314	-0.1509303017514121
1106	315-319	0.5499918310463094
1106	320-324	1.2831310604361796
1106	325-326	0.29418767966438253
1107	1	-0.014922653056636648
1107	2	-0.05478030046445781
1107	3	-0.12571292608257778
1107	4	-0.1242640116192959
1107	5	0.015029399274546051
1107	6	-0.0708859929296608
1107	7	-0.012388704648344628
1107	8	0.10657211249306187
1107	9	-0.005030437578312785
1107	10-14	0.13373928711492766
1107	15-19	0.09812747796324572
1107	20-24	0.1483741952355473
1107	25-29	0.14862722934046246
1107	30-34	0.16350412395853908
1107	35-39	-0.0028922381414986376
1107	40-44	0.1381951786227944
1107	45-49	0.2477971488617854
1107	50-54	0.2514498248073309
1107	55-59	0.10325557701413857
1107	60-64	0.125250536536349
1107	65-69	0.3529461949159227
1107	70-74	0.22800517148458255
1107	75-79	0.06523459175439683
1107	80-84	0.022005719497798282
1107	85-89	0.03754991116036166
1107	90-94	-0.06216837064282288
1107	95-99	-0.1308328788176425
1107	100-104	-0.022154725480270088
1107	105-109	0.05876535832449292
1107	110-114	0.04943014699679793
1107	115-119	0.21704160211014312
1107	120-124	0.2922332929493905
1107	125-129	0.2373801219319347
1107	130-134	0.03598572698268043
1107	135-139	0.021176354947037623
1107	140-144	0.055926448834881626
1107	145-149	0.2643807508481899
1107	150-154	-0.024262345092324722
1107	155-159	0.22454129819927005
1107	160-164	-0.02031394104920281
1107	165-169	0.4425764300694368
1107	170-174	0.39109367581730226
1107	175-179	0.2989341116054831
1107	180-184	0.18895474858467054
1107	185-189	0.24884066086198686
1107	190-194	0.25916080085647053
1107	195-199	0.2734855334859745
1107	200-204	0.39175989478449225
1107	205-209	0.2574791428979637
1107	210-214	0.24581131871751438
1107	215-219	0.9265694579758588
1107	220-224	0.40352740680112476
1107	225-229	0.8233795077296975
1107	230-234	0.10792046134304911
1107	235-239	0.6260020430450055
1107	240-244	0.9709933095351317
1107	245-249	0.4417952760894295
1107	250-254	0.35338624593453716
1107	255-259	0.8767630957008947
1107	260-264	0.4136719693971358
1107	265-269	0.77832719801793
1107	270-274	-0.2853227872281927
1107	275-279	0.7490055111709246
1107	280-284	0.09847918966210045
1107	285-289	0.6842717760195356
1107	290-294	-0.47669034033561886
1107	295-299	0.39917786790512366
1107	300-304	0.8174924348142518
1107	305-309	1.0323078656263647
1107	310-314	0.26414057837629557
1107	315-319	0.9813797550061523
1107	320-324	1.2914894069787408
1107	325-326	-0.440455896156557
1108	1	0.13349802174595027
1108	2	0.05053368442597872
1108	3	-0.04963525883477615
1108	4	0.019678490004473304
1108	5	-0.03698236020311185
1108	6	0.08154281779060568
1108	7	0.02893184367148649
1108	8	0.08045513303796525
1108	9	-0.1471269746856123
1108	10-14	0.07314892031494935
1108	15-19	0.024476912209301815
1108	20-24	-0.018176244035643663
1108	25-29	0.08252631661355991
1108	30-34	-0.0028224066537063663
1108	35-39	-0.14813204260600088
1108	40-44	-0.03213265100151119
1108	45-49	0.10138823353686632
1108	50-54	0.11439550559219924
1108	55-59	0.05979849568914375
1108	60-64	0.18025515144763204
1108	65-69	0.10243513622108225
1108	70-74	0.21769340858846675
1108	75-79	0.15990009614711198
1108	80-84	0.08530350092192407
1108	85-89	-0.08319155125374067
1108	90-94	-0.14749466196337124
1108	95-99	-0.15917527105091978
1108	100-104	-0.22834383428961758
1108	105-109	-0.28135702228604487
1108	110-114	-0.0669784264828408
1108	115-119	0.17629364463569175
1108	120-124	0.037187656604402264
1108	125-129	0.017718890605237902
1108	130-134	-0.1053262752051296
1108	135-139	-0.10760701769850556
1108	140-144	-0.3185206164233847
1108	145-149	-0.11181827147430567
1108	150-154	-0.33378615461614203
1108	155-159	0.05372633904978841
1108	160-164	-0.17320253367218896
1108	165-169	0.10034828252901207
1108	170-174	0.06982577167072179
1108	175-179	0.08251186431461832
1108	180-184	0.3755663781611247
1108	185-189	0.5012592162238292
1108	190-194	0.43658362928432837
1108	195-199	0.29423212357929884
1108	200-204	0.34682775107273045
1108	205-209	0.47395779466017274
1108	210-214	0.6634710459249717
1108	215-219	0.7919695878770696
1108	220-224	0.6107215407361011
1108	225-229	0.3408392554478823
1108	230-234	0.5012254215180789
1108	235-239	0.4630119223736102
1108	240-244	0.9737400363665643
1108	245-249	0.8664816330442733
1108	250-254	0.781279111623526
1108	255-259	0.6051875308015795
1108	260-264	1.0003964079162557
1108	265-269	0.6921821872497951
1108	270-274	-0.08385968942625155
1108	275-279	1.3653064033871125
1108	280-284	1.4402526829790254
1108	285-289	1.1727909022629994
1108	290-294	1.1580223387058446
1108	295-299	1.3682408699903768
1108	300-304	1.2871570845937583
1108	305-309	0.7936964411570777
1108	310-314	0.7307388759867983
1108	315-319	0.6484463806513858
1108	320-324	0.712179592600723
1108	325-326	-0.25316313985806005
1109	1	0.0063362117483194424
1109	2	-0.09449796007261568
1109	3	0.08132558321349137
1109	4	0.0718242239199256
1109	5	0.03336319095267015
1109	6	0.1992874280725303
1109	7	0.1470402810762934
1109	8	-0.008014085495219092
1109	9	-0.08954921721446851
1109	10-14	0.18517890643874324
1109	15-19	0.18293293143291578
1109	20-24	0.05952030722168189
1109	25-29	0.10304108968696823
1109	30-34	0.07328853523548418
1109	35-39	0.2015312057779255
1109	40-44	0.04405782518895762
1109	45-49	0.13191925191436127
1109	50-54	0.013625545867029132
1109	55-59	0.23498887034646998
1109	60-64	0.19529728770513088
1109	65-69	0.22547300808624726
1109	70-74	0.29872193940377656
1109	75-79	0.25421931637252015
1109	80-84	0.07295199315463208
1109	85-89	-0.035201907635105556
1109	90-94	-0.048048017633995244
1109	95-99	-0.13153456302642041
1109	100-104	-0.14217772605528012
1109	105-109	-0.22272501226810704
1109	110-114	-0.022158309381268282
1109	115-119	0.1800706778370369
1109	120-124	-0.16750486717126734
1109	125-129	-0.10030832027911885
1109	130-134	-0.07557706208704928
1109	135-139	0.10865520858505562
1109	140-144	0.10023255648756901
1109	145-149	-0.15230799970390763
1109	150-154	0.04572107115973978
1109	155-159	-0.029810060584694043
1109	160-164	-0.18681643694493744
1109	165-169	0.09998953206365258
1109	170-174	-0.307628792244401
1109	175-179	0.14930037076196356
1109	180-184	0.3306599578815792
1109	185-189	0.3568316939711451
1109	190-194	0.43337348950701937
1109	195-199	0.39200516314338785
1109	200-204	0.38702810982319846
1109	205-209	0.31354387784966775
1109	210-214	0.7149280466357126
1109	215-219	0.7184375880124492
1109	220-224	0.6204094955200077
1109	225-229	0.06443386742203216
1109	230-234	0.19806604831606478
1109	235-239	0.12012939622881902
1109	240-244	0.03167315986472374
1109	245-249	0.7151887775936387
1109	250-254	0.36886329952754693
1109	255-259	0.7046087918433059
1109	260-264	0.26873667934821555
1109	265-269	1.3636818318837776
1109	270-274	0.19321750961256257
1109	275-279	0.32978503065890763
1109	280-284	1.2455628667540317
1109	285-289	0.7378381151780147
1109	290-294	1.106824247529076
1109	295-299	0.640627237472696
1109	300-304	0.3131664933323819
1109	305-309	0.6351862709198315
1109	310-314	-0.40336610929089645
1109	315-319	1.006327045355082
1109	320-324	0.7105432166573102
1109	325-326	0.2783079062718343
1110	1	-0.1465226821877934
1110	2	-0.017419583837842367
1110	3	0.14263830610959616
1110	4	0.04191246720738917
1110	5	0.013651271175859847
1110	6	0.08544471299685341
1110	7	0.04199693592912013
1110	8	0.08397025145991677
1110	9	-0.005299340621952808
1110	10-14	0.16707766238033628
1110	15-19	0.09944790395048386
1110	20-24	-0.06917845093846609
1110	25-29	0.037231342436598425
1110	30-34	0.021475138451293674
1110	35-39	-0.1260061353869233
1110	40-44	-0.023054772358420905
1110	45-49	0.03462145993778876
1110	50-54	-8.37811815024736E-4
1110	55-59	-0.02287731711089691
1110	60-64	-0.006622877355852097
1110	65-69	0.1262833377090331
1110	70-74	0.1454082403405721
1110	75-79	0.142480352329855
1110	80-84	0.3034217181084671
1110	85-89	0.002580750978189883
1110	90-94	0.049234799051802725
1110	95-99	0.0858273453802667
1110	100-104	0.04574553389912239
1110	105-109	0.10911689303259209
1110	110-114	-0.10429556069438206
1110	115-119	0.35051610954138823
1110	120-124	0.23815801130146497
1110	125-129	0.3340283575358143
1110	130-134	0.2883624377382432
1110	135-139	0.42852020911195865
1110	140-144	0.11069695689356251
1110	145-149	0.2483653337403524
1110	150-154	-0.0044184209005777575
1110	155-159	0.093444902060277
1110	160-164	0.2811907955658697
1110	165-169	0.09486742797982828
1110	170-174	0.10649789871552429
1110	175-179	0.19084349127977873
1110	180-184	0.2015657411170082
1110	185-189	0.32289823972620724
1110	190-194	0.5901670024329206
1110	195-199	0.4402267087043299
1110	200-204	0.5998275463085534
1110	205-209	0.5376929208176691
1110	210-214	0.7020759193124633
1110	215-219	0.8409776191832421
1110	220-224	0.628716899414691
1110	225-229	0.15302158657431164
1110	230-234	0.5715653300567496
1110	235-239	0.02392812832087543
1110	240-244	-0.34684672676678474
1110	245-249	0.5002279074737714
1110	250-254	0.7915503104040411
1110	255-259	-0.10144455347026593
1110	260-264	0.8591580396592562
1110	265-269	1.40356935081088
1110	270-274	0.5752011255351768
1110	275-279	0.704749672333481
1110	280-284	0.5262081353941035
1110	285-289	0.6390378023608321
1110	290-294	0.5185881703896911
1110	295-299	0.6338473132365721
1110	300-304	0.5661801319397917
1110	305-309	0.20330443151041067
1110	310-314	-0.021842290258966557
1110	315-319	0.5006225688524211
1110	320-324	1.4606893644024233
1110	325-326	0.01214013864397856
1111	1	-0.022371302728025455
1111	2	-0.0054305617375973725
1111	3	-0.05699168977924529
1111	4	-0.03810508854322592
1111	5	-0.006765622345177746
1111	6	0.017866184346530645
1111	7	-0.10439357952105155
1111	8	-0.13027101788752304
1111	9	-0.2206517334263225
1111	10-14	-0.1355601447064103
1111	15-19	-0.030862432831035846
1111	20-24	0.016011384504153625
1111	25-29	-0.06511646142789118
1111	30-34	-0.06783585389307234
1111	35-39	0.008219800456807036
1111	40-44	0.05358163471276356
1111	45-49	-0.06880635592683149
1111	50-54	0.053875018327531166
1111	55-59	-0.14813537553376932
1111	60-64	0.04800550740397824
1111	65-69	-0.06519656762323933
1111	70-74	-0.008813473234027924
1111	75-79	-0.26372749442401044
1111	80-84	0.05794232389297349
1111	85-89	0.15423132487345015
1111	90-94	0.14563142568099607
1111	95-99	0.07982172309557711
1111	100-104	0.21342961927785353
1111	105-109	0.190910024067378
1111	110-114	0.07893203072329413
1111	115-119	0.23213923868726738
1111	120-124	0.3399324754621844
1111	125-129	0.1818622223565285
1111	130-134	0.13300626711412633
1111	135-139	0.38489416882261196
1111	140-144	0.25320854035560814
1111	145-149	0.3519453735185749
1111	150-154	0.35502890629194184
1111	155-159	0.5195940814956046
1111	160-164	0.5635717109093648
1111	165-169	0.3341878648735772
1111	170-174	0.3825531882187434
1111	175-179	0.17070993424025005
1111	180-184	0.1399628344180499
1111	185-189	0.008694748576303368
1111	190-194	0.2829291442344868
1111	195-199	0.21228306488605853
1111	200-204	0.31422215069304826
1111	205-209	0.3359495681137403
1111	210-214	0.5667933050611893
1111	215-219	0.49115484337461623
1111	220-224	0.8601994714432735
1111	225-229	0.24203368670875847
1111	230-234	0.6127346763828214
1111	235-239	0.3701864200796692
1111	240-244	0.28969479036118884
1111	245-249	0.9858377475831119
1111	250-254	0.7861280279342466
1111	255-259	0.41855566875442207
1111	260-264	0.14656789976881868
1111	265-269	0.42496181072710115
1111	270-274	1.1651199024104777
1111	275-279	0.43683780664608207
1111	280-284	0.2867010297595982
1111	285-289	0.5147541992096869
1111	290-294	0.4254404687485618
1111	295-299	0.26805102661116464
1111	300-304	-0.5008195013894721
1111	305-309	0.92745692209364
1111	310-314	-0.08949526418089704
1111	315-319	0.3078515380631863
1111	320-324	0.9019676008272732
1111	325-326	0.47277025675639806
1112	1	-0.050638237098155514
1112	2	0.02649418548784155
1112	3	-0.06402999836664947
1112	4	-0.0662555497216033
1112	5	-0.17803945081899286
1112	6	-0.11100030964400531
1112	7	-0.130844086734065
1112	8	0.12154402268397035
1112	9	0.23984166919931482
1112	10-14	0.10447834691029101
1112	15-19	0.03164872918317485
1112	20-24	0.004145539435675971
1112	25-29	0.16760973228366538
1112	30-34	-0.0315988254015096
1112	35-39	-0.14720646369329415
1112	40-44	-0.21548585872868387
1112	45-49	-0.22358536191133283
1112	50-54	-0.323401616595568
1112	55-59	-0.16294632845087165
1112	60-64	-0.3550843599829747
1112	65-69	-0.3206577737308791
1112	70-74	-0.33190456081632647
1112	75-79	-0.271683722689275
1112	80-84	0.06136053475382397
1112	85-89	0.10228594525403878
1112	90-94	0.24073345065062313
1112	95-99	0.2453367841885381
1112	100-104	0.2309482965861065
1112	105-109	0.21539379824250204
1112	110-114	0.11310970225780181
1112	115-119	0.32895397420992367
1112	120-124	0.4737457522967716
1112	125-129	0.3442103219022954
1112	130-134	0.4871418973727515
1112	135-139	0.3480265211928497
1112	140-144	0.4948338405513937
1112	145-149	0.47413961752435796
1112	150-154	0.559265757300544
1112	155-159	0.6749732017347583
1112	160-164	0.6735085380686954
1112	165-169	0.5907233975165767
1112	170-174	0.27160027111991525
1112	175-179	0.4397080984008923
1112	180-184	0.4144685166459041
1112	185-189	0.45046480831040725
1112	190-194	0.6322549863079274
1112	195-199	0.44614404026584253
1112	200-204	0.5611236864752769
1112	205-209	0.7134652503970571
1112	210-214	0.6639957299221138
1112	215-219	0.6131006112380035
1112	220-224	0.9656753753584297
1112	225-229	0.7723810541373126
1112	230-234	0.8947639721637088
1112	235-239	1.0221950280031749
1112	240-244	1.240548095149343
1112	245-249	0.7945255384194496
1112	250-254	0.5280844447751534
1112	255-259	0.715934467305722
1112	260-264	0.14055233673185796
1112	265-269	1.691164618285658
1112	270-274	0.7403643574545917
1112	275-279	0.6319270750280523
1112	280-284	0.2670331447463745
1112	285-289	0.42500661325523836
1112	290-294	0.4397589064548164
1112	295-299	0.8513726201862823
1112	300-304	-0.39481059396347007
1112	305-309	0.7072859838188812
1112	310-314	0.08077578557533727
1112	315-319	0.535660899179998
1112	320-324	-0.35631835749751417
1112	325-326	-0.6653225779237673
1113	1	-0.0445187756552059
1113	2	-0.0741366495978113
1113	3	0.028856370762156303
1113	4	0.012997448203392992
1113	5	0.05280563486179801
1113	6	-0.002761120090703173
1113	7	-0.1520052566262038
1113	8	-0.053267574014910224
1113	9	0.07543010138940787
1113	10-14	0.10203445123281085
1113	15-19	0.12102008854805746
1113	20-24	0.1197786384165056
1113	25-29	0.11724792572309894
1113	30-34	0.13133551608277827
1113	35-39	0.046211851357575995
1113	40-44	0.19924362663099515
1113	45-49	-0.009301433344866439
1113	50-54	0.08061450567144135
1113	55-59	0.17528572219372052
1113	60-64	0.13350144164424904
1113	65-69	0.22785874992612776
1113	70-74	0.1907807799762864
1113	75-79	0.18432254399480286
1113	80-84	0.14937189034092313
1113	85-89	0.23547631522729517
1113	90-94	0.22281728977240078
1113	95-99	0.1547765326322832
1113	100-104	0.05740837008630706
1113	105-109	0.13736913706288334
1113	110-114	0.2878462987483488
1113	115-119	0.4381248330178664
1113	120-124	0.347893736041172
1113	125-129	0.391760453985988
1113	130-134	0.3139975275272775
1113	135-139	0.18518051328727125
1113	140-144	0.32250058407012716
1113	145-149	0.42992338359038484
1113	150-154	0.32160565268914354
1113	155-159	0.5663340110703388
1113	160-164	0.29416081765835855
1113	165-169	0.4813119824848613
1113	170-174	0.12395041653698513
1113	175-179	0.020476933869879588
1113	180-184	0.19555290854699336
1113	185-189	0.12761891151625804
1113	190-194	0.11767466802927373
1113	195-199	0.23196288976265578
1113	200-204	0.4102254895358399
1113	205-209	0.3813915501923404
1113	210-214	0.647117349704402
1113	215-219	0.5529659997529706
1113	220-224	0.5563614605975644
1113	225-229	0.2092428231977692
1113	230-234	0.5811958789190115
1113	235-239	0.9897943824458224
1113	240-244	0.23576308185764105
1113	245-249	0.7219464479219724
1113	250-254	0.574498462591869
1113	255-259	0.09061884142897725
1113	260-264	0.8662554636849933
1113	265-269	0.1074107745249755
1113	270-274	-0.11265523426649082
1113	275-279	-0.035120888994072175
1113	280-284	0.2737331633575373
1113	285-289	-0.028206867893317167
1113	290-294	-0.5131192959846338
1113	295-299	0.5910735638000197
1113	300-304	-0.3584460485064014
1113	305-309	-0.5792998122527706
1113	310-314	-0.3166764295697
1113	315-319	-0.2521829559418194
1113	320-324	-0.3668694979173459
1113	325-326	-0.6673948059021804
1114	1	0.1032599265078531
1114	2	0.10359490891578105
1114	3	0.021657258172027127
1114	4	0.09427032673916358
1114	5	0.12090879625947082
1114	6	-0.013457182209393181
1114	7	0.1302243606782838
1114	8	-0.027674118662716296
1114	9	0.14083220898785243
1114	10-14	0.07808769582515396
1114	15-19	0.18507555166509349
1114	20-24	0.17155844984190338
1114	25-29	0.07188686083124907
1114	30-34	0.19617079062520304
1114	35-39	0.315663875761345
1114	40-44	0.3183911585222816
1114	45-49	0.19606850564570522
1114	50-54	0.07377645797316035
1114	55-59	0.029118223580290703
1114	60-64	0.14261569566532728
1114	65-69	0.2925575852006759
1114	70-74	0.24704034736397773
1114	75-79	0.29553274920833417
1114	80-84	0.3141062220103521
1114	85-89	0.4023254555489828
1114	90-94	0.4552604400774456
1114	95-99	0.3183145248674464
1114	100-104	0.24686705006411813
1114	105-109	0.39798311376837603
1114	110-114	0.4397902810001497
1114	115-119	0.4734637126629053
1114	120-124	0.35921486748875964
1114	125-129	0.4150250130542119
1114	130-134	0.34992542547514205
1114	135-139	0.16280114556680303
1114	140-144	0.42002360126369354
1114	145-149	0.5274946536957614
1114	150-154	0.4017376549076701
1114	155-159	0.4612297404103316
1114	160-164	0.5171852214298553
1114	165-169	0.45925984715486123
1114	170-174	0.35448563561629953
1114	175-179	0.18507649016495265
1114	180-184	0.08299494958970399
1114	185-189	0.10627282166599628
1114	190-194	0.10186934357003707
1114	195-199	0.2117083140554925
1114	200-204	0.13888217284144133
1114	205-209	0.09431833887786212
1114	210-214	-0.2462908588369217
1114	215-219	0.19198319331924552
1114	220-224	0.09717732304902427
1114	225-229	0.03100932347509655
1114	230-234	0.6885519521303323
1114	235-239	0.6651343713532043
1114	240-244	-0.25134839900758266
1114	245-249	-0.6741578227380387
1114	250-254	0.4368301320316945
1114	255-259	0.3485888913457842
1114	260-264	-0.7233246805191129
1114	265-269	-0.03586543179781998
1114	270-274	0.4893103786009547
1114	275-279	0.6690138863802986
1114	280-284	-0.37761126259920985
1114	285-289	-0.45964447188666213
1114	290-294	-0.7961409266002804
1114	295-299	-0.05749382388717095
1114	300-304	0.6747353158862808
1114	305-309	-0.7287457357136731
1114	310-314	-0.4872815321764712
1114	315-319	0.5485824350731541
1114	320-324	-1.492269386991115
1114	325-326	-1.18302708543629
1115	1	0.029360250132448584
1115	2	0.011847336100245798
1115	3	-0.014135622086868693
1115	4	-0.046846178115202974
1115	5	-0.13271579920978382
1115	6	-0.025253298714247308
1115	7	0.10731173931906568
1115	8	0.04858801725961115
1115	9	0.10115583358332003
1115	10-14	-0.05288965045316729
1115	15-19	0.07706260668126674
1115	20-24	0.09784647573187755
1115	25-29	0.10281889966619673
1115	30-34	0.08227435049575149
1115	35-39	0.33033701491992673
1115	40-44	0.1845108996226159
1115	45-49	0.21501348946447507
1115	50-54	0.14137192722881764
1115	55-59	0.13500819121783536
1115	60-64	0.16171278304396708
1115	65-69	0.25774852371200296
1115	70-74	0.2787296677523301
1115	75-79	0.23748744176496928
1115	80-84	-0.044301544979937546
1115	85-89	-0.057503023415428345
1115	90-94	0.03815688020689123
1115	95-99	-0.30458838775390973
1115	100-104	-0.2527510729132203
1115	105-109	-0.13036963704068683
1115	110-114	0.023075070644161144
1115	115-119	-0.025073504165575855
1115	120-124	-0.09883043995461094
1115	125-129	0.005840547034786425
1115	130-134	-0.0767218237158005
1115	135-139	-0.6794318641419395
1115	140-144	-0.41428707834795375
1115	145-149	-0.04552476377996584
1115	150-154	-0.044974319202367496
1115	155-159	-0.15686411072236695
1115	160-164	-0.32468856497791165
1115	165-169	-0.3867595703208693
1115	170-174	-0.4916794129273825
1115	175-179	-0.1868296587023579
1115	180-184	-0.008830293128752942
1115	185-189	-0.12880484823689642
1115	190-194	-0.12048987973093972
1115	195-199	-0.12985479274062328
1115	200-204	0.047607091935297774
1115	205-209	0.273862028198252
1115	210-214	-0.04679247695990085
1115	215-219	-0.16608800409176183
1115	220-224	-0.21826927889271985
1115	225-229	0.03283780243949508
1115	230-234	0.11415389387789787
1115	235-239	0.4760923001557984
1115	240-244	-0.29929014658040387
1115	245-249	-1.1009280492752538
1115	250-254	-1.3348591883566527
1115	255-259	-0.35451790477071654
1115	260-264	-2.968182285697111
1115	265-269	-2.0886777295324457
1115	270-274	-1.881666967677365
1115	275-279	-0.9299019712248757
1115	280-284	-2.7484138515959664
1115	285-289	-3.201243177388278
1115	290-294	-1.4807234508721159
1115	295-299	0.5865223573426022
1115	300-304	-0.45626144786776734
1115	305-309	-1.5023606224450603
1115	310-314	-1.5830647036975058
1115	315-319	-0.4204790535999834
1115	320-324	-0.8033114581885243
1115	325-326	-0.701457506148266
1116	1	-0.09909825825713625
1116	2	-0.1166373979453752
1116	3	-0.20597105085012402
1116	4	-0.08946549173733587
1116	5	-0.03923707083939121
1116	6	-0.006517690042997515
1116	7	0.18283376100243487
1116	8	0.059054676583095045
1116	9	-0.07669345281657769
1116	10-14	-0.006735642910669526
1116	15-19	0.09941158624098989
1116	20-24	0.11801820132759389
1116	25-29	0.05706352209542587
1116	30-34	0.08106220067382708
1116	35-39	0.11859526420003164
1116	40-44	0.037142644205708564
1116	45-49	0.10033971039990064
1116	50-54	0.12217894311632449
1116	55-59	0.09847532784825574
1116	60-64	0.08083233531956324
1116	65-69	0.10094008114880637
1116	70-74	0.1799349989036898
1116	75-79	0.1923971468312402
1116	80-84	-0.19398237874598578
1116	85-89	-0.10415374488321305
1116	90-94	-0.2858605755897585
1116	95-99	-0.31777569663444183
1116	100-104	-0.16528746101097624
1116	105-109	-0.027451246037131227
1116	110-114	0.061489362577674456
1116	115-119	-0.09421429922256408
1116	120-124	-0.0823864291076788
1116	125-129	0.09526164190347686
1116	130-134	-0.2164851633957312
1116	135-139	-0.4325797296357905
1116	140-144	-0.22566953758017405
1116	145-149	0.10887931063795264
1116	150-154	-0.08725532186164742
1116	155-159	-0.3270193141547679
1116	160-164	-0.2757488682514051
1116	165-169	-0.960988667161736
1116	170-174	-1.8328374329952553
1116	175-179	0.05296357822545872
1116	180-184	0.24183557627797114
1116	185-189	-0.13312264024646936
1116	190-194	-0.054884303107442634
1116	195-199	0.06282824922566732
1116	200-204	0.08850075739033514
1116	205-209	-0.10920354118696451
1116	210-214	-0.10212284154897588
1116	215-219	0.16728519223875082
1116	220-224	-0.2005790248710113
1116	225-229	0.21417247852641452
1116	230-234	-0.1672940770430884
1116	235-239	0.1588966620069101
1116	240-244	-0.7048038285051561
1116	245-249	-0.757144316525185
1116	250-254	-0.9279067669418382
1116	255-259	0.5504041263538895
1116	260-264	-1.3324975600436915
1116	265-269	-1.8027163232078678
1116	270-274	-1.352314688930111
1116	275-279	-0.5808159353376858
1116	280-284	-0.5024313598439392
1116	285-289	-0.7944937425511682
1116	290-294	-0.29916847927450974
1116	295-299	0.15549321014848516
1116	300-304	-0.18687570518341445
1116	305-309	-1.045619317561318
1116	310-314	0.09565579899587107
1116	315-319	-0.17948887773073707
1116	320-324	0.021848387185006146
1116	325-326	2.124452655244422
1117	1	0.048324338746184026
1117	2	-0.012588665963448875
1117	3	0.006939061714703598
1117	4	-0.09533514830109624
1117	5	0.018606058739344178
1117	6	0.11535924291138144
1117	7	0.07866236389889991
1117	8	-0.07278684007978597
1117	9	-0.06921610019089286
1117	10-14	-0.051973495801263425
1117	15-19	0.03073738741387899
1117	20-24	0.028059254994886373
1117	25-29	0.022453688528514704
1117	30-34	-0.00912067475321976
1117	35-39	0.10929672600289564
1117	40-44	0.024734153691376548
1117	45-49	-0.12273020610952301
1117	50-54	-0.09964866279978679
1117	55-59	-0.12099449783677585
1117	60-64	-0.23327963444739197
1117	65-69	0.026915073123383593
1117	70-74	-0.12566818725759532
1117	75-79	0.03887574437741392
1117	80-84	0.025359040045785264
1117	85-89	-0.1812542545959488
1117	90-94	0.029068813668438054
1117	95-99	-0.06495922714542957
1117	100-104	-0.07190589679577641
1117	105-109	-0.06966422922679527
1117	110-114	-0.012198446858150191
1117	115-119	-0.11463934691842326
1117	120-124	-0.04768368323587424
1117	125-129	0.12610069743423935
1117	130-134	0.04872413723037994
1117	135-139	-0.23550803317715463
1117	140-144	-0.24670425702937848
1117	145-149	-1.1726256832389481E-4
1117	150-154	-0.3295763547541668
1117	155-159	-0.48575737714200784
1117	160-164	-0.2647648590854459
1117	165-169	-1.2130106842461075
1117	170-174	-2.0139282130149425
1117	175-179	-0.17049677875614577
1117	180-184	-0.09736897955684043
1117	185-189	-0.15780286271402844
1117	190-194	-0.012657226478268058
1117	195-199	0.028186574925058494
1117	200-204	-0.114863398817171
1117	205-209	-0.10962530041360452
1117	210-214	-0.8928206494971462
1117	215-219	0.2363696667491979
1117	220-224	-0.2201125320234354
1117	225-229	-0.4216718359451974
1117	230-234	-0.6520937805588787
1117	235-239	-0.11822472687546082
1117	240-244	0.35385933046100604
1117	245-249	-1.0570370497911767
1117	250-254	-1.3095273558910137
1117	255-259	-0.1474497559972079
1117	260-264	-1.6458834566865903
1117	265-269	-1.3449008585288986
1117	270-274	-0.6633595086776332
1117	275-279	0.5567997156878697
1117	280-284	0.6211294781415333
1117	285-289	0.18604634936937714
1117	290-294	0.17167871913241228
1117	295-299	-0.6639849672043994
1117	300-304	-2.7777316728415826
1117	305-309	0.21418019021225376
1117	310-314	-1.0447581827400754
1117	315-319	0.4096774431246857
1117	320-324	1.028297440706151
1117	325-326	-0.6278016426021509
1118	1	0.04273147122330556
1118	2	0.02188759184260647
1118	3	0.03125075410698486
1118	4	0.015123985275749874
1118	5	0.07058359300744144
1118	6	0.12869728933532087
1118	7	-0.0312390539558578
1118	8	-0.007714769069224303
1118	9	0.037417574841512646
1118	10-14	0.15594135436173673
1118	15-19	0.1550592915024822
1118	20-24	-0.06127894853207039
1118	25-29	0.13096003156294955
1118	30-34	0.06691875810487602
1118	35-39	0.2462167212898052
1118	40-44	0.3012935975466817
1118	45-49	0.15930427800342528
1118	50-54	0.18441873439592626
1118	55-59	0.0855409878079385
1118	60-64	0.03860756558402301
1118	65-69	0.21863888601368586
1118	70-74	0.08902408720138055
1118	75-79	0.13852461912703262
1118	80-84	0.08763467729491481
1118	85-89	0.25834984579287834
1118	90-94	0.06099214739452208
1118	95-99	0.1523063947861445
1118	100-104	0.2569971313649333
1118	105-109	0.2749993739309815
1118	110-114	0.22552198831722592
1118	115-119	-9.753117273447742E-4
1118	120-124	0.13732868862697245
1118	125-129	0.2073339561436498
1118	130-134	0.11238071002799188
1118	135-139	0.3425572431277786
1118	140-144	0.3026740077677559
1118	145-149	-0.061456565816435216
1118	150-154	0.155900256533684
1118	155-159	0.30564437455667104
1118	160-164	0.17512831086074954
1118	165-169	0.2911297658540448
1118	170-174	0.18233116407159145
1118	175-179	0.07114966089665842
1118	180-184	0.14593803902059221
1118	185-189	-0.13106864174862665
1118	190-194	-0.053439599519393255
1118	195-199	-0.03805591358678129
1118	200-204	0.16190656308534557
1118	205-209	0.0594646803412715
1118	210-214	0.3066766208378695
1118	215-219	0.5393978274655922
1118	220-224	0.10489277020349874
1118	225-229	0.007554038922243933
1118	230-234	0.17730804969130531
1118	235-239	-0.04119083189882389
1118	240-244	0.05159469042331466
1118	245-249	-1.4239464406242135
1118	250-254	-0.8339340956105872
1118	255-259	-0.14376883223144432
1118	260-264	-0.40517020897439693
1118	265-269	0.2607768446249459
1118	270-274	-0.4403156376592108
1118	275-279	0.3084041302827423
1118	280-284	0.8218521520349427
1118	285-289	-0.21377455318746996
1118	290-294	-0.2071327965189731
1118	295-299	-0.40475398648879946
1118	300-304	-0.1911671231381149
1118	305-309	0.24988028054649192
1118	310-314	-1.2407693370545196
1118	315-319	-0.3081655324065231
1118	320-324	-0.8306758910561491
1118	325-326	-1.2018482236476729
1119	1	0.07143144754345343
1119	2	0.02964668885105226
1119	3	0.008518099595974604
1119	4	0.029205601820073923
1119	5	0.03071462150219162
1119	6	0.011963529764720704
1119	7	-0.06582741925699054
1119	8	0.045351771304922295
1119	9	0.19177072031471454
1119	10-14	0.02186763110022838
1119	15-19	0.03887490441589847
1119	20-24	0.03862317476100685
1119	25-29	0.039712103549696565
1119	30-34	0.1392322792983407
1119	35-39	0.26011047770309403
1119	40-44	0.2599154303669522
1119	45-49	0.0722950428625353
1119	50-54	0.1870029951899923
1119	55-59	0.10588197762560014
1119	60-64	0.17045064712163338
1119	65-69	0.1668100123851417
1119	70-74	0.08908565480734865
1119	75-79	0.04169456150606976
1119	80-84	0.02171787249579893
1119	85-89	0.23861348143894645
1119	90-94	0.09996917794152438
1119	95-99	0.23133394234317706
1119	100-104	0.32653695297673835
1119	105-109	0.3181740522797014
1119	110-114	0.1447579185406056
1119	115-119	0.34321128547843216
1119	120-124	0.2804575859353591
1119	125-129	0.3226690259991969
1119	130-134	0.4109804416563776
1119	135-139	0.2807623106153443
1119	140-144	0.29606890870705627
1119	145-149	0.4124040388090293
1119	150-154	0.43560820506947806
1119	155-159	0.5285727824815325
1119	160-164	0.5723988136628648
1119	165-169	0.6970591999056737
1119	170-174	0.5798416226713172
1119	175-179	0.2581541600678605
1119	180-184	0.4112344317903407
1119	185-189	0.367311656617467
1119	190-194	0.042940540981035724
1119	195-199	0.047167860981062404
1119	200-204	0.35537408222655387
1119	205-209	0.08065814470310073
1119	210-214	0.48912985313718593
1119	215-219	0.5455624813451365
1119	220-224	0.23221615800048312
1119	225-229	-0.4833434273339705
1119	230-234	0.23065874824683164
1119	235-239	0.1660599376962466
1119	240-244	0.16349302494063522
1119	245-249	-1.8705073373011452
1119	250-254	-1.3736941398129616
1119	255-259	-0.044485542311171855
1119	260-264	0.13343583728023845
1119	265-269	0.8692510730565495
1119	270-274	-0.21856017156085628
1119	275-279	0.8451789349239895
1119	280-284	0.9680910027729688
1119	285-289	0.1029639423528188
1119	290-294	-0.17878170329930398
1119	295-299	0.1088524544299787
1119	300-304	-0.6261643604891276
1119	305-309	1.3630115458397292
1119	310-314	-0.1481132473868243
1119	315-319	0.5979675483417637
1119	320-324	0.33649436705419333
1119	325-326	-0.2524283799346705
2101	1	-0.08252659034607746
2101	2	0.03037393513300657
2101	3	0.11049620948288918
2101	4	-0.16271469198742494
2101	5	0.042968721353105366
2101	6	-0.1244496915726856
2101	7	-0.21262208126928073
2101	8	-0.08162542952413787
2101	9	-0.16957977603087215
2101	10-14	-0.1969535026767133
2101	15-19	-0.05944879290419891
2101	20-24	-0.11102956513936135
2101	25-29	-0.08071988074178194
2101	30-34	-0.2731999958916447
2101	35-39	-0.25571440139221124
2101	40-44	-0.28590472162752434
2101	45-49	-0.36946707487863506
2101	50-54	-0.34090144464855854
2101	55-59	-0.3036158588167126
2101	60-64	-0.2226914204395385
2101	65-69	-0.49930758333865555
2101	70-74	-0.4282555327858404
2101	75-79	-0.31970320584783707
2101	80-84	-0.5099537030832693
2101	85-89	-0.25827754070570563
2101	90-94	-0.09475828651431328
2101	95-99	-0.233187347791727
2101	100-104	-0.3923314518085306
2101	105-109	-0.3789569611379875
2101	110-114	-0.4987677714343022
2101	115-119	-0.5700718678614365
2101	120-124	-0.39085254824158255
2101	125-129	-0.466974986945786
2101	130-134	-0.706037121341339
2101	135-139	-0.3182849967552954
2101	140-144	-0.4366280841295662
2101	145-149	-0.5454229493004945
2101	150-154	-0.47295148366911377
2101	155-159	-0.7006916079042753
2101	160-164	-0.7852754527274541
2101	165-169	-0.5776689917964504
2101	170-174	-0.5956829037095375
2101	175-179	-0.9568598394230676
2101	180-184	-1.0089975597736043
2101	185-189	-0.8448769910680696
2101	190-194	-0.9156100571790233
2101	195-199	-0.9722205248958105
2101	200-204	-1.0133725088064907
2101	205-209	-1.1398502004479738
2101	210-214	-1.5334256902976122
2101	215-219	-1.7783239227856242
2101	220-224	-1.314054886688794
2101	225-229	-1.3311816877608607
2101	230-234	-1.960163403674919
2101	235-239	-1.8587682503696428
2101	240-244	-1.92993266867051
2101	245-249	-1.8083750512024572
2101	250-254	-1.028248519653701
2101	255-259	-2.156954179815262
2101	260-264	-2.6204894745266003
2101	265-269	-1.9448429598877048
2101	270-274	-2.9167420558559733
2101	275-279	-2.4425778739193227
2101	280-284	-2.1214839217752335
2101	285-289	-2.9525358576544463
2101	290-294	-3.0398413011321104
2101	295-299	-3.3505162957972843
2101	300-304	-2.827938841417094
2101	305-309	-3.239086559683706
2101	310-314	-2.7689706707532515
2101	315-319	-2.5908183139905177
2101	320-324	-2.7400446678899897
2101	325-326	-0.32173495060482793
2102	1	-0.05706381449933673
2102	2	0.00275558037860435
2102	3	-0.10851060753540764
2102	4	-0.05468650779320683
2102	5	-0.1652063116541953
2102	6	-0.10310946038684676
2102	7	-0.10668211414185436
2102	8	0.08166640891521837
2102	9	-0.12446755120399189
2102	10-14	-0.1284734552539888
2102	15-19	-0.19067504785529366
2102	20-24	-0.18515857653698475
2102	25-29	-0.22006997370112913
2102	30-34	-0.4018435978640085
2102	35-39	-0.3221250930635904
2102	40-44	-0.09179349375587975
2102	45-49	0.007584093175687201
2102	50-54	-0.26871514874146385
2102	55-59	-0.029970505436494932
2102	60-64	0.023582122523841065
2102	65-69	-0.05223378170580162
2102	70-74	-0.12359274616120075
2102	75-79	-0.06985813808182684
2102	80-84	-0.3743206365028371
2102	85-89	-0.6646553597987435
2102	90-94	-0.5732887205940216
2102	95-99	-0.4259324775306368
2102	100-104	-0.33578522811333755
2102	105-109	-0.5731032171668744
2102	110-114	-1.157320030750455
2102	115-119	-0.590382810118868
2102	120-124	-0.9390297368277913
2102	125-129	-0.954385058888235
2102	130-134	-0.8743959174505207
2102	135-139	-0.5256880630662906
2102	140-144	-0.5905903076092116
2102	145-149	-0.7283063055368544
2102	150-154	-0.6021999949724233
2102	155-159	-0.6581539526352316
2102	160-164	-0.4679634596253024
2102	165-169	-0.6323708482887866
2102	170-174	-0.7097709591079209
2102	175-179	-0.4309834618734172
2102	180-184	-0.40132639333595677
2102	185-189	-0.3596912071109699
2102	190-194	-0.2829436060702477
2102	195-199	-0.24227010321069287
2102	200-204	-0.20033125641515426
2102	205-209	-0.18835072587033608
2102	210-214	-0.32090716579136824
2102	215-219	-0.4555515788630089
2102	220-224	-0.4345948592051627
2102	225-229	-0.33806741513402017
2102	230-234	0.04093324709435109
2102	235-239	-0.212760113059268
2102	240-244	-0.030441924187442737
2102	245-249	0.06976064248977565
2102	250-254	0.19636010805087523
2102	255-259	0.2567903301947041
2102	260-264	0.23700385665115675
2102	265-269	-0.6937719066179611
2102	270-274	-0.5247567676820211
2102	275-279	0.3167476993299445
2102	280-284	0.5055685935159033
2102	285-289	-1.0440617380737152
2102	290-294	-2.053018624442
2102	295-299	-1.0199326728080322
2102	300-304	-0.7129481373511339
2102	305-309	-0.7854867429079135
2102	310-314	-0.2500177432076427
2102	315-319	-0.45818015485490093
2102	320-324	-0.9733389313556202
2102	325-326	-1.2673436321988802
2103	1	0.06204807731575812
2103	2	0.1109856928774775
2103	3	-0.06101180227081926
2103	4	0.035625802502181614
2103	5	-0.06043770284286154
2103	6	-0.046524207942482576
2103	7	0.04164267306607883
2103	8	-0.08618100076923696
2103	9	-0.11376982572190286
2103	10-14	-0.1945442610868824
2103	15-19	-0.12805670446896045
2103	20-24	-0.1545714125159563
2103	25-29	-0.3792190637648005
2103	30-34	-0.12422777310908373
2103	35-39	-0.33164551981016643
2103	40-44	-0.020693820532166285
2103	45-49	-0.1727370000395183
2103	50-54	-0.07867536728117841
2103	55-59	-0.18956519951964168
2103	60-64	0.06279463043492939
2103	65-69	-0.08444061946719472
2103	70-74	-0.13336180703458922
2103	75-79	-0.0789639593494158
2103	80-84	-0.23916247936606538
2103	85-89	-0.411889385863347
2103	90-94	-0.4017802541176465
2103	95-99	-0.14575668997396463
2103	100-104	-0.09284449990595789
2103	105-109	-0.26081939969661505
2103	110-114	-0.7564604670549002
2103	115-119	-0.5788474782407462
2103	120-124	-1.0648928524394208
2103	125-129	-0.9583573926908571
2103	130-134	-0.45315416758290894
2103	135-139	-0.19797084725185954
2103	140-144	-0.3902325327877776
2103	145-149	-1.0945262918458312
2103	150-154	-0.3777033983538516
2103	155-159	-0.4483028747901514
2103	160-164	-0.44364122979695253
2103	165-169	-0.595844880553102
2103	170-174	-0.06719898437173555
2103	175-179	-0.48396061336587337
2103	180-184	-0.30988715693334257
2103	185-189	-0.05072358766972229
2103	190-194	-0.18261360077466549
2103	195-199	0.036413879585111886
2103	200-204	0.027705631848021994
2103	205-209	0.21203288106816842
2103	210-214	-0.33345124184111796
2103	215-219	-0.2875117199063695
2103	220-224	0.10705942957207526
2103	225-229	0.0742977735050161
2103	230-234	-0.18900101016769355
2103	235-239	-0.19911817203398385
2103	240-244	0.1320950480301235
2103	245-249	0.3155680898891333
2103	250-254	0.052337014138210236
2103	255-259	-0.5309084156560004
2103	260-264	-0.13754311259570784
2103	265-269	-0.3932927208462935
2103	270-274	0.2139016413178858
2103	275-279	0.05205697435157575
2103	280-284	-0.027331190785918835
2103	285-289	-0.3699532690141254
2103	290-294	0.01583752941408889
2103	295-299	-1.0975782044975837
2103	300-304	-0.3092754561065405
2103	305-309	-0.3228767949596332
2103	310-314	0.20796502677027107
2103	315-319	-1.4072883010130184
2103	320-324	-1.2005446712520325
2103	325-326	-1.0761778933357533
2104	1	0.055163841098604394
2104	2	-0.06716428444128297
2104	3	0.06362641594189711
2104	4	0.01617424132991374
2104	5	0.09304402757619812
2104	6	0.06256298386415438
2104	7	0.27534891583842835
2104	8	0.21343501538235898
2104	9	0.004984047659263524
2104	10-14	0.026315453832268076
2104	15-19	0.014076737904716197
2104	20-24	0.08569961235674128
2104	25-29	-0.026255487923201315
2104	30-34	0.05508182265366912
2104	35-39	0.17357372155019846
2104	40-44	0.15449673384851081
2104	45-49	0.01748962071094695
2104	50-54	-0.08951061201497623
2104	55-59	0.11848951658148366
2104	60-64	0.17420169803780539
2104	65-69	0.051262211535181734
2104	70-74	0.031837500388888884
2104	75-79	0.09912468277892117
2104	80-84	-0.05208120384966719
2104	85-89	0.05268251367471777
2104	90-94	0.1761441885946482
2104	95-99	0.2511982733846523
2104	100-104	0.012805365603860253
2104	105-109	0.05474823832354048
2104	110-114	-0.06573166443282474
2104	115-119	-0.02356594332760409
2104	120-124	-0.3131125346464714
2104	125-129	-0.12391448872514843
2104	130-134	-0.11925369670753838
2104	135-139	0.13664456193691166
2104	140-144	-0.07885421605540444
2104	145-149	-0.468354693872449
2104	150-154	-0.04656364995591389
2104	155-159	-0.336939891855387
2104	160-164	0.013682255830808288
2104	165-169	-0.04327870563280101
2104	170-174	0.07007875542650766
2104	175-179	-0.6905023947698012
2104	180-184	-0.48461833629405504
2104	185-189	-0.500670238832214
2104	190-194	-0.25535841443707596
2104	195-199	-0.9277472019587378
2104	200-204	-0.47097310592486963
2104	205-209	-0.45297347606875604
2104	210-214	-1.2364272763932718
2104	215-219	-1.6947166880567863
2104	220-224	-0.8965012060138449
2104	225-229	-0.5830416848285793
2104	230-234	-1.6491740265173576
2104	235-239	-0.9490744068199817
2104	240-244	-0.4009071178687975
2104	245-249	-0.21798225927421555
2104	250-254	-1.0141829166041347
2104	255-259	-1.6981726744905075
2104	260-264	-0.7732024978382057
2104	265-269	-0.931135894431268
2104	270-274	-0.38454964512384393
2104	275-279	-0.9305768609506551
2104	280-284	-0.5808212270120201
2104	285-289	-1.0051462512460958
2104	290-294	-1.404055517347608
2104	295-299	-1.670273183317775
2104	300-304	-1.3772290969251095
2104	305-309	-0.8519592588453406
2104	310-314	-0.3991664669332913
2104	315-319	0.3142052108738689
2104	320-324	-0.14793249493891736
2104	325-326	2.7875956903644195
2105	1	0.05033506067601223
2105	2	0.05794792024553175
2105	3	0.051365069740306524
2105	4	-0.1120892439227319
2105	5	-5.044416653916528E-4
2105	6	-0.03592885782060051
2105	7	0.07909734815592628
2105	8	0.07724239892822027
2105	9	-0.11932282977183917
2105	10-14	-0.24154021115158741
2105	15-19	-0.2342613594857781
2105	20-24	-0.1470348715653671
2105	25-29	-0.1190648386320774
2105	30-34	-0.2496145403229164
2105	35-39	-0.11265932042230986
2105	40-44	-0.4298837371246904
2105	45-49	-0.6065778867216238
2105	50-54	-0.4523350506732271
2105	55-59	-0.37430455519132977
2105	60-64	-0.5772692178707572
2105	65-69	-0.8959146867134606
2105	70-74	-0.6801653771440712
2105	75-79	-0.4752531780427063
2105	80-84	-0.0969516193730584
2105	85-89	0.16499033330688206
2105	90-94	0.18769633751333714
2105	95-99	0.3275089196199872
2105	100-104	0.21869412221677464
2105	105-109	0.18651441967178073
2105	110-114	0.3132279673448153
2105	115-119	0.07164856656869034
2105	120-124	0.14018803385727807
2105	125-129	0.2931323475801477
2105	130-134	0.4309617999533799
2105	135-139	0.29723763930562086
2105	140-144	0.2591374951217702
2105	145-149	0.28823466562182176
2105	150-154	0.33650092264768716
2105	155-159	0.3333686789911283
2105	160-164	0.16610173902078174
2105	165-169	-3.1857968016227147
2105	170-174	-0.34279820457452104
2105	175-179	-0.04802249612008325
2105	180-184	-0.16519944516284113
2105	185-189	0.13527282166600685
2105	190-194	0.1217995761281685
2105	195-199	-0.044629789701211564
2105	200-204	-0.09684352781449235
2105	205-209	-0.17217718885022038
2105	210-214	-0.7873850746985767
2105	215-219	-1.1364199074559451
2105	220-224	-0.9682186220911007
2105	225-229	-0.23026378326312624
2105	230-234	-0.28146414804856335
2105	235-239	-0.37555853264201744
2105	240-244	-0.3195308677016797
2105	245-249	-0.05305824015008653
2105	250-254	-0.29105060738393007
2105	255-259	-0.8202125397812274
2105	260-264	0.21326864088815967
2105	265-269	-0.5898350203488008
2105	270-274	0.4950969021549234
2105	275-279	-0.731728510757442
2105	280-284	0.43924383579077997
2105	285-289	-0.5109038636576813
2105	290-294	-0.37527509475769705
2105	295-299	-0.2767228042091716
2105	300-304	0.3774580350276011
2105	305-309	0.3125834234992091
2105	310-314	0.8442384439714097
2105	315-319	-0.40050522145636336
2105	320-324	0.21045213954436548
2105	325-326	-0.5357909494792246
2106	1	-0.2346273974358084
2106	2	-0.1496914760607453
2106	3	-0.18160565262609651
2106	4	-0.025377560584779246
2106	5	-0.12599261219123292
2106	6	-0.0868844122563388
2106	7	-0.030268597068193515
2106	8	-0.12765064448431218
2106	9	-0.43520065486190873
2106	10-14	-0.1598418816396432
2106	15-19	-0.15521552814711725
2106	20-24	-0.18050258302194067
2106	25-29	0.008534748155199168
2106	30-34	-0.10398413895226355
2106	35-39	-0.0686647627363044
2106	40-44	-0.21603607152464832
2106	45-49	-0.16577186994114612
2106	50-54	-0.1271202556418629
2106	55-59	-0.21153905341501655
2106	60-64	-0.3396284357900754
2106	65-69	-0.39179452747538335
2106	70-74	-0.0966497934810917
2106	75-79	-0.3094062179278154
2106	80-84	-0.06622711132297354
2106	85-89	-0.2127402721505547
2106	90-94	-0.14131232987560338
2106	95-99	-0.07435683663490522
2106	100-104	0.07022855241153536
2106	105-109	-0.08594646369640913
2106	110-114	-0.19333178472754753
2106	115-119	-0.16309027794742548
2106	120-124	-0.13105273814503704
2106	125-129	-0.028242592579594827
2106	130-134	-0.30823419893800263
2106	135-139	-0.2438889952782617
2106	140-144	0.010450831310642172
2106	145-149	0.15758385557369792
2106	150-154	0.06951699763067154
2106	155-159	-0.2436388041906099
2106	160-164	-0.42435468467343185
2106	165-169	0.07526923682622311
2106	170-174	0.0112696731749935
2106	175-179	-0.47411599809796456
2106	180-184	-0.745375942429078
2106	185-189	-0.6781074600241297
2106	190-194	-0.8748348817820712
2106	195-199	-0.8293761929867571
2106	200-204	-1.6168830853745249
2106	205-209	-1.6500337737981923
2106	210-214	-3.055492736771196
2106	215-219	-3.5802374639577472
2106	220-224	-2.416958827185706
2106	225-229	-0.8598122727690338
2106	230-234	-1.709912836602065
2106	235-239	-0.29166375071252304
2106	240-244	-0.9695314975991352
2106	245-249	-1.6264066490291178
2106	250-254	-1.443517285808685
2106	255-259	-2.0407068833020965
2106	260-264	-1.7740382955425886
2106	265-269	-2.056442896586553
2106	270-274	-1.0046990110704073
2106	275-279	-4.720563578408427
2106	280-284	-4.157287318937232
2106	285-289	-3.6575458803373664
2106	290-294	-0.9547183913890045
2106	295-299	-2.350536077408293
2106	300-304	-0.9260675010151296
2106	305-309	-0.22371756669958742
2106	310-314	-0.8321359922703628
2106	315-319	-1.1945161564761442
2106	320-324	-0.8691895747845386
2106	325-326	-0.4323932826193868
2107	1	-0.01298784532815489
2107	2	0.048069062213457414
2107	3	0.11481233838593141
2107	4	-0.06267263226261832
2107	5	0.016220739218475444
2107	6	-0.1181006759705312
2107	7	-0.33469542541796926
2107	8	-0.08670263916182819
2107	9	-0.151574208124444
2107	10-14	-0.0019265644244015334
2107	15-19	-0.09835403835273837
2107	20-24	0.03157092756026714
2107	25-29	0.04048222625013409
2107	30-34	-0.042912988340923164
2107	35-39	-0.021437728516730203
2107	40-44	0.011259251213914467
2107	45-49	0.03789738265106024
2107	50-54	0.19592084299989665
2107	55-59	0.11072250165516095
2107	60-64	0.02430731776871653
2107	65-69	0.2149746975001392
2107	70-74	0.09742893916433815
2107	75-79	-0.06443873029255087
2107	80-84	0.04353224696579616
2107	85-89	0.08000281740281423
2107	90-94	-0.21562191286373178
2107	95-99	-0.18156604554253164
2107	100-104	-0.04596360947241607
2107	105-109	0.03137170556873059
2107	110-114	0.18491505818375487
2107	115-119	0.12570613690532184
2107	120-124	-0.10895625550588761
2107	125-129	0.11003036064779792
2107	130-134	0.20396107609902714
2107	135-139	-0.2513699774278493
2107	140-144	-0.023751799805822316
2107	145-149	0.27896167686866136
2107	150-154	-0.10590227379108796
2107	155-159	0.05670389370801132
2107	160-164	-0.19285221172522427
2107	165-169	0.36036501649532227
2107	170-174	0.36716834506371754
2107	175-179	0.0739338876694049
2107	180-184	-0.5844667259896212
2107	185-189	-0.7153510642519976
2107	190-194	-1.4871876974281832
2107	195-199	-0.3885537180300602
2107	200-204	-0.5114137273368087
2107	205-209	-0.6745034080027068
2107	210-214	-0.6598291832575995
2107	215-219	-0.4962093200497364
2107	220-224	-1.0105178641167498
2107	225-229	0.03383463541805298
2107	230-234	0.1486571214707908
2107	235-239	0.2677974729574757
2107	240-244	-0.003943764426480811
2107	245-249	0.19449101861668794
2107	250-254	-0.6712055185921884
2107	255-259	0.05939103038321747
2107	260-264	-0.22344767517152064
2107	265-269	-0.8598422588922894
2107	270-274	0.21956349803054565
2107	275-279	-0.05680607796907111
2107	280-284	-0.594477572759633
2107	285-289	-0.290065149248516
2107	290-294	-0.19283254870366306
2107	295-299	0.06697854687931937
2107	300-304	0.01687078825704802
2107	305-309	-0.3463268408830089
2107	310-314	-0.2605667371675544
2107	315-319	-1.6251430551229227
2107	320-324	-0.09092892353300286
2107	325-326	-0.8067436629763982
2108	1	-0.05260963870953361
2108	2	0.033015198770847576
2108	3	-0.12124129255261096
2108	4	-0.09855576021735857
2108	5	0.02743053538990381
2108	6	-0.18686297931083828
2108	7	-0.2758625958434493
2108	8	-0.42847122011199446
2108	9	-0.23192141420054924
2108	10-14	-0.18104273895745138
2108	15-19	-0.2851273468856377
2108	20-24	-0.09210821682476222
2108	25-29	-0.16280879134266257
2108	30-34	-0.139220513722627
2108	35-39	-0.45630713873141104
2108	40-44	-0.26527550814437717
2108	45-49	-0.05804743638328347
2108	50-54	-0.11707861449060886
2108	55-59	-0.06056293583999661
2108	60-64	0.013818594216054692
2108	65-69	0.1696010634615419
2108	70-74	-0.07417704394036662
2108	75-79	-0.04440927977717024
2108	80-84	-0.1437488504534059
2108	85-89	-0.2844426603930543
2108	90-94	-0.4162902845602332
2108	95-99	-0.5899318519441437
2108	100-104	-0.5099735296460182
2108	105-109	-0.657799494927275
2108	110-114	-0.23471696537665565
2108	115-119	-0.38572469313420044
2108	120-124	-0.6277416542503715
2108	125-129	-0.6111488999892671
2108	130-134	-0.3387412411915278
2108	135-139	-0.7200684196505804
2108	140-144	-0.706092340765295
2108	145-149	-0.5538821578984425
2108	150-154	-0.813247852338705
2108	155-159	-0.8225818537925704
2108	160-164	-0.8731770974107249
2108	165-169	-0.38166768907701965
2108	170-174	-0.3321375527894972
2108	175-179	-0.1361264083857776
2108	180-184	-0.5114108475117547
2108	185-189	-0.3182923957252939
2108	190-194	-0.6732176129517029
2108	195-199	-0.09598733811841953
2108	200-204	-0.523262754694791
2108	205-209	-0.5972903567743089
2108	210-214	0.17204247449641485
2108	215-219	0.11447594694242724
2108	220-224	-0.5919386189799525
2108	225-229	-0.2099616910176536
2108	230-234	0.2524215173477202
2108	235-239	0.4042358206285712
2108	240-244	0.11204290534024608
2108	245-249	0.33755232218950226
2108	250-254	-0.07945972304077031
2108	255-259	0.784067152215357
2108	260-264	0.811559377451907
2108	265-269	-0.31643064918912245
2108	270-274	0.6571944365719666
2108	275-279	-0.2123339397066566
2108	280-284	0.6689104765312308
2108	285-289	0.6774859628959469
2108	290-294	0.32733733426929135
2108	295-299	1.0003757413302203
2108	300-304	0.1602135767558437
2108	305-309	-0.3646153009310602
2108	310-314	0.16325469970758988
2108	315-319	-0.6317653910138006
2108	320-324	-0.3599795319186505
2108	325-326	-0.5975923028275965
2109	1	0.0037771678871649783
2109	2	-0.04065796464744409
2109	3	0.04142737311455846
2109	4	-0.035212431881525674
2109	5	-0.007367065809496864
2109	6	-6.410902553710685E-4
2109	7	-0.09839632897688944
2109	8	-0.12485802670869361
2109	9	0.1152000250798082
2109	10-14	0.08319114410101491
2109	15-19	-0.07053364373721394
2109	20-24	-0.09983235475579022
2109	25-29	-0.07990624261702806
2109	30-34	-0.010174036961004163
2109	35-39	-0.17672692883635222
2109	40-44	-0.02789619779954222
2109	45-49	0.19114896541582027
2109	50-54	-0.09724653053258692
2109	55-59	-0.0031806269944141263
2109	60-64	0.069776615205555
2109	65-69	0.1682127576144694
2109	70-74	0.12504034736397784
2109	75-79	0.24061320897844496
2109	80-84	-0.21295124925400444
2109	85-89	-0.40090442950850047
2109	90-94	-0.42065910015244157
2109	95-99	-0.5893981188107134
2109	100-104	-0.767454789016341
2109	105-109	-0.604465162093689
2109	110-114	-0.4306120178504216
2109	115-119	-0.7245132988313543
2109	120-124	-0.6303023738905438
2109	125-129	-0.9842163662561347
2109	130-134	-1.214465379122565
2109	135-139	-0.7471988544332007
2109	140-144	-0.8516545596558416
2109	145-149	-1.4052524727410258
2109	150-154	-1.283112919804978
2109	155-159	-1.126276006716104
2109	160-164	-0.6970331693747411
2109	165-169	-0.8915447505462808
2109	170-174	-0.5516637896710535
2109	175-179	-0.3433947742028707
2109	180-184	0.022742076026474933
2109	185-189	0.22837626994186877
2109	190-194	-0.007061690912721019
2109	195-199	0.06953590026239453
2109	200-204	0.13759481651960925
2109	205-209	-0.004681661122134528
2109	210-214	0.23066316415157928
2109	215-219	0.47092572205487926
2109	220-224	0.3640853690260428
2109	225-229	-0.3123814811226069
2109	230-234	0.2596209176475668
2109	235-239	0.12062862422676801
2109	240-244	-0.08665874383516581
2109	245-249	0.23692263703208027
2109	250-254	0.5089450745604296
2109	255-259	0.6730716499664808
2109	260-264	0.6091695723544461
2109	265-269	0.5824449130297715
2109	270-274	1.0397011831986518
2109	275-279	0.07470354155271508
2109	280-284	-0.2044388488061024
2109	285-289	0.24159690742368412
2109	290-294	0.696065969951448
2109	295-299	0.98254065887145
2109	300-304	0.9185973848517932
2109	305-309	0.5268749539415012
2109	310-314	-0.40740796895808273
2109	315-319	-0.286934806306153
2109	320-324	0.10168463599739042
2109	325-326	-0.3285443268155994
2110	1	-0.0613904231424911
2110	2	-0.1781067227858557
2110	3	-0.07824950173473155
2110	4	0.02024934771818465
2110	5	0.10874096409163769
2110	6	0.08096006720785454
2110	7	0.03819638865031294
2110	8	-0.008991134979730475
2110	9	0.24150819966384773
2110	10-14	0.03896881470627278
2110	15-19	-0.0066633760738383785
2110	20-24	0.060283391566848366
2110	25-29	0.04542532236970942
2110	30-34	0.022128832583248936
2110	35-39	0.04667553077300113
2110	40-44	0.036248967380103636
2110	45-49	0.2271267807039763
2110	50-54	0.031694872891577575
2110	55-59	-0.028410913948846428
2110	60-64	0.02788609193572711
2110	65-69	0.06170443834753314
2110	70-74	0.08993545225908406
2110	75-79	0.129877737553322
2110	80-84	-0.07374459384045906
2110	85-89	0.027390723614246326
2110	90-94	0.016717316534325732
2110	95-99	-0.08969713014420222
2110	100-104	-0.09017723898016783
2110	105-109	-0.010037865252606082
2110	110-114	-0.010361234151368137
2110	115-119	-0.28548267428348595
2110	120-124	0.06780228007616529
2110	125-129	-0.11627568624648177
2110	130-134	-0.056377604827886785
2110	135-139	0.036577369343028465
2110	140-144	0.08071823995832972
2110	145-149	-0.31109042788931873
2110	150-154	-0.04465861548860062
2110	155-159	-0.1829917048111156
2110	160-164	0.10609198133661835
2110	165-169	-0.008735490840479088
2110	170-174	-0.06711110098043349
2110	175-179	-0.0770190809306257
2110	180-184	0.1257828283775737
2110	185-189	0.12688121327440172
2110	190-194	0.006813399514086882
2110	195-199	-0.019487490140313923
2110	200-204	0.09383788379715696
2110	205-209	0.10643721999674227
2110	210-214	0.2927417751957009
2110	215-219	0.48355895089500933
2110	220-224	-0.04609307322137113
2110	225-229	-0.5566013991356229
2110	230-234	-0.17300748842911418
2110	235-239	-0.20370945149061725
2110	240-244	-0.9648309164901008
2110	245-249	0.04744590686569694
2110	250-254	0.3052170784186359
2110	255-259	0.33446301721991034
2110	260-264	0.5674888392944055
2110	265-269	0.6004072954749127
2110	270-274	1.2181169054074807
2110	275-279	-0.48207002970361046
2110	280-284	-2.1059748989628417
2110	285-289	0.9623275560853628
2110	290-294	1.2708380943787496
2110	295-299	0.7633243579310118
2110	300-304	0.25021783336879366
2110	305-309	-0.24146601543395008
2110	310-314	1.027504015609079
2110	315-319	0.45256844905916793
2110	320-324	-0.2762367529584786
2110	325-326	-0.2932718406810437
2111	1	0.08581664553054225
2111	2	0.11415337313916041
2111	3	0.13889984106906184
2111	4	0.04857224645993341
2111	5	0.05827354320536671
2111	6	0.0169703919616353
2111	7	0.02680376731004941
2111	8	0.14214263526398696
2111	9	0.26697531544509445
2111	10-14	0.03274040088623309
2111	15-19	-0.12342706613595311
2111	20-24	0.10564396467611914
2111	25-29	0.13283974041239333
2111	30-34	0.1261568290196209
2111	35-39	0.11600942549956983
2111	40-44	0.053132868818977386
2111	45-49	0.20712958767013845
2111	50-54	0.20054609148100866
2111	55-59	-0.11932854779841762
2111	60-64	0.044704700900929595
2111	65-69	0.08778969689351612
2111	70-74	-0.0347676805592414
2111	75-79	0.011777077306064143
2111	80-84	0.13564897942746512
2111	85-89	0.19405494944077617
2111	90-94	0.290958520356682
2111	95-99	0.27002656675227144
2111	100-104	0.22827368182677787
2111	105-109	0.11313669142980842
2111	110-114	0.20732082201237034
2111	115-119	0.1580082152807023
2111	120-124	0.2669077121658958
2111	125-129	0.03616637431075986
2111	130-134	0.27593240627793847
2111	135-139	0.3384555958285844
2111	140-144	0.14167456112407706
2111	145-149	0.3042642872036154
2111	150-154	0.19388774216770344
2111	155-159	0.16816342278380603
2111	160-164	0.3161677694228686
2111	165-169	0.3548270373817317
2111	170-174	0.15220814870530575
2111	175-179	0.22339586189269767
2111	180-184	-0.16181831393560486
2111	185-189	-0.16280745756610315
2111	190-194	-0.03368563025195215
2111	195-199	-0.16258662486248454
2111	200-204	-0.014849066251052534
2111	205-209	-0.03681080597379349
2111	210-214	0.0972780765906549
2111	215-219	-0.12750720807692062
2111	220-224	-0.05532005914992055
2111	225-229	-0.7417568196313624
2111	230-234	-0.3298302468225529
2111	235-239	-0.7384572516834425
2111	240-244	-0.2463885386236413
2111	245-249	-0.13137248242389887
2111	250-254	-0.2918679482475426
2111	255-259	-0.17343554146398077
2111	260-264	0.27682017113882296
2111	265-269	0.8665028055494766
2111	270-274	1.2598095060006038
2111	275-279	-0.6695637750507615
2111	280-284	-1.707394857712643
2111	285-289	0.4141112000156042
2111	290-294	0.3574506964363735
2111	295-299	0.06169814818961328
2111	300-304	-0.41560674345054593
2111	305-309	-0.1846951248934232
2111	310-314	0.8579034590975247
2111	315-319	0.7779367108148669
2111	320-324	0.25316865838410507
2111	325-326	0.34024516587260933
2112	1	0.1436606233719644
2112	2	0.013409078486041892
2112	3	-0.06979454206025792
2112	4	-0.0068272342364466
2112	5	0.013208447827416592
2112	6	-0.01717959800497937
2112	7	-0.04204044768408011
2112	8	0.0018090404545887395
2112	9	0.01883453186822237
2112	10-14	0.0404709710864708
2112	15-19	-0.13769332173792748
2112	20-24	-0.09444968023939282
2112	25-29	0.10322483992533193
2112	30-34	-0.020003425402670416
2112	35-39	-0.39852195466838936
2112	40-44	-0.40286435831858824
2112	45-49	-0.12464461862839471
2112	50-54	-0.210981962468189
2112	55-59	-0.2336227752582687
2112	60-64	-0.42599173755186115
2112	65-69	-0.6081671534752786
2112	70-74	-0.467747109082012
2112	75-79	-0.7383162635675049
2112	80-84	-0.10795184999892626
2112	85-89	0.08592243580449122
2112	90-94	0.21546369210996374
2112	95-99	0.038949832649102234
2112	100-104	0.08847216040093997
2112	105-109	0.10278102317604265
2112	110-114	0.21588203477483603
2112	115-119	0.11249739442829565
2112	120-124	0.4388385608685539
2112	125-129	0.2946974869218053
2112	130-134	0.20673611072484732
2112	135-139	0.4821391246608826
2112	140-144	0.43273207977705397
2112	145-149	0.3052797872613837
2112	150-154	0.2051220916091765
2112	155-159	0.3396978008052258
2112	160-164	0.3105290077248597
2112	165-169	0.36694858118505636
2112	170-174	0.3961987598904031
2112	175-179	0.22903583975843844
2112	180-184	0.28294152334115097
2112	185-189	0.13213693316426145
2112	190-194	0.04128746203694078
2112	195-199	0.04742608409033977
2112	200-204	0.19426428666258033
2112	205-209	0.39605004619493656
2112	210-214	0.44361041874727647
2112	215-219	0.552754389602633
2112	220-224	0.7828718642801462
2112	225-229	0.6535238414774156
2112	230-234	0.8334056106669152
2112	235-239	0.5986930240825927
2112	240-244	0.7855784302607134
2112	245-249	0.35767957563594877
2112	250-254	0.600235474656543
2112	255-259	0.9915157206140819
2112	260-264	1.3599865854506916
2112	265-269	1.200312268550615
2112	270-274	1.5191268710515935
2112	275-279	1.109449426449988
2112	280-284	0.5999009325227469
2112	285-289	0.3751220786359859
2112	290-294	0.7956778887307365
2112	295-299	0.9161751656598653
2112	300-304	1.3351743402765202
2112	305-309	0.2342472956452184
2112	310-314	0.9798346118421151
2112	315-319	0.7335301702647925
2112	320-324	0.5897886850181777
2112	325-326	0.05692064975534805
2113	1	0.04314447357712936
2113	2	0.057798579726906496
2113	3	-0.03711124390020615
2113	4	0.03612645462548869
2113	5	0.0168413006999657
2113	6	0.011678993042238517
2113	7	0.07683182071381367
2113	8	-0.1322537515816009
2113	9	0.02244262935493424
2113	10-14	-0.058509107016767814
2113	15-19	-0.11474446017624018
2113	20-24	0.08883672100828477
2113	25-29	0.07349609706570703
2113	30-34	-0.05295531949913368
2113	35-39	-0.04667241790353671
2113	40-44	-0.25233057031133654
2113	45-49	-0.13037672822049018
2113	50-54	0.027137618423132892
2113	55-59	0.01645984584198601
2113	60-64	-0.008585606880558316
2113	65-69	0.06077783386852076
2113	70-74	0.10395686601406595
2113	75-79	-0.09739561076798253
2113	80-84	0.09172137890793408
2113	85-89	0.02403830338794677
2113	90-94	0.18285961118461103
2113	95-99	0.12576449526412858
2113	100-104	0.07775988606175588
2113	105-109	0.03470247433676121
2113	110-114	0.22518696542880434
2113	115-119	-0.05330242114408179
2113	120-124	0.2170265904017299
2113	125-129	0.2181049420062493
2113	130-134	0.1405624888262338
2113	135-139	0.2614689963660979
2113	140-144	0.275120108072457
2113	145-149	0.12765865606402826
2113	150-154	-0.1522670816228242
2113	155-159	0.022857330700439604
2113	160-164	-0.12119192481052465
2113	165-169	0.4269803918558637
2113	170-174	0.10548326735106173
2113	175-179	0.5985761941317875
2113	180-184	0.22730874473475637
2113	185-189	0.6120046156269296
2113	190-194	0.596606466127767
2113	195-199	0.4173903744462635
2113	200-204	0.3792705683417381
2113	205-209	0.5038263317730696
2113	210-214	0.6955948723649712
2113	215-219	0.33341362552764764
2113	220-224	0.6568972756837255
2113	225-229	1.0466783584070072
2113	230-234	1.36577575319604
2113	235-239	0.9715914465456308
2113	240-244	0.20886829726239853
2113	245-249	0.4786473874455055
2113	250-254	1.0504523937250028
2113	255-259	1.0077007918786478
2113	260-264	1.5692265332168276
2113	265-269	1.2081256872075166
2113	270-274	1.121831396955006
2113	275-279	1.4918291616911397
2113	280-284	1.8960192880224618
2113	285-289	1.9032720467634263
2113	290-294	1.05687505919013
2113	295-299	0.5212042222940028
2113	300-304	1.0989875361349455
2113	305-309	1.1266201612667928
2113	310-314	0.6495822925719033
2113	315-319	0.4292573906681838
2113	320-324	0.5391385466974583
2113	325-326	3.375383216517527
2114	1	-0.056030730931588835
2114	2	-0.05390220757787745
2114	3	0.029984824492672146
2114	4	0.02781703954192949
2114	5	-0.020163868100389948
2114	6	-0.2027709076995876
2114	7	-0.13683446285112666
2114	8	-0.11868334588302076
2114	9	-0.20043653380337645
2114	10-14	-0.025414034278654185
2114	15-19	-0.0316349442979984
2114	20-24	0.04185718109911818
2114	25-29	0.20551315840910434
2114	30-34	0.08553411242451148
2114	35-39	0.07534322985592468
2114	40-44	0.08511895552344129
2114	45-49	0.07288742144731941
2114	50-54	0.01735315924189962
2114	55-59	0.048795270869803176
2114	60-64	0.15595248920627824
2114	65-69	0.14800395198268035
2114	70-74	0.18175315013214544
2114	75-79	-0.06982826578589396
2114	80-84	0.017077386946922957
2114	85-89	-0.1539386736321049
2114	90-94	0.04620046314550308
2114	95-99	-0.1804755558707285
2114	100-104	-0.0949622463603319
2114	105-109	-0.3147539104530779
2114	110-114	-0.15432159904597853
2114	115-119	-0.11849015123560491
2114	120-124	-0.10395468268424679
2114	125-129	0.012609788140714784
2114	130-134	-0.07768933807733447
2114	135-139	-0.28443068834322816
2114	140-144	0.04121621948745258
2114	145-149	0.10896062832090081
2114	150-154	-0.3025783773876043
2114	155-159	-0.34238386973961354
2114	160-164	-0.269616393333699
2114	165-169	0.2208976787580923
2114	170-174	0.30662519732334204
2114	175-179	0.14621028485930054
2114	180-184	0.011989182577003987
2114	185-189	0.17541122997050707
2114	190-194	0.15796276917556895
2114	195-199	0.3141200787613698
2114	200-204	0.07711516015401543
2114	205-209	0.18898615894706694
2114	210-214	0.5006929935275508
2114	215-219	0.7149681990862575
2114	220-224	0.5467747855634499
2114	225-229	0.02339109971500619
2114	230-234	0.9326038552445155
2114	235-239	0.8325138407880317
2114	240-244	0.18258239684016786
2114	245-249	0.39073721763104885
2114	250-254	0.9073307087329638
2114	255-259	1.1982082685084166
2114	260-264	1.1897745120991132
2114	265-269	0.6475290318699969
2114	270-274	0.05468984803578181
2114	275-279	1.2708650974529583
2114	280-284	1.0814267996845324
2114	285-289	1.170341687282889
2114	290-294	0.5939767204585458
2114	295-299	1.660917940818706
2114	300-304	1.4510744162322986
2114	305-309	0.800364990929932
2114	310-314	0.3740667953898509
2114	315-319	0.10830561846416131
2114	320-324	1.163721385788591
2114	325-326	3.3503812190619797
2115	1	0.09309585051476432
2115	2	0.04858627333719312
2115	3	0.06507694729119606
2115	4	0.1162824165491827
2115	5	-0.057795866952965014
2115	6	0.045273387738795634
2115	7	0.18552660592871462
2115	8	0.20205817840118812
2115	9	0.2573088929256784
2115	10-14	0.1533346733726475
2115	15-19	0.19931389363400598
2115	20-24	0.20353254310616364
2115	25-29	0.2758557727483435
2115	30-34	0.33207061791362946
2115	35-39	0.3276742384556428
2115	40-44	0.33283157303007016
2115	45-49	0.3742619426059761
2115	50-54	0.23042067213550865
2115	55-59	0.19288333584281503
2115	60-64	0.35130481483631826
2115	65-69	0.4596802104165576
2115	70-74	0.3435032143760637
2115	75-79	0.24852756786118846
2115	80-84	0.16853109247667675
2115	85-89	0.2192563709203057
2115	90-94	0.11651259897210053
2115	95-99	-0.025704473405433248
2115	100-104	-0.030580272906519212
2115	105-109	0.00179831238668271
2115	110-114	-0.07819762918983741
2115	115-119	-0.018398118079758774
2115	120-124	0.2602235030673512
2115	125-129	0.21609927903003268
2115	130-134	0.015289846891377579
2115	135-139	-0.25213840538311416
2115	140-144	0.15376798813760928
2115	145-149	0.1358659835748668
2115	150-154	-0.07573039345157184
2115	155-159	-0.1417426257382033
2115	160-164	-0.47730355231798427
2115	165-169	0.12917349136902345
2115	170-174	0.25705040245568256
2115	175-179	-0.18519812123401636
2115	180-184	-0.07554391051392884
2115	185-189	-0.3403748467277765
2115	190-194	-0.029182469901464003
2115	195-199	-0.6025110296405316
2115	200-204	-0.9523509877803136
2115	205-209	-0.12597699790970296
2115	210-214	-0.10657583293018291
2115	215-219	-0.7962102436410348
2115	220-224	-0.8692527287644438
2115	225-229	-0.7062704692710184
2115	230-234	-0.5208763725674288
2115	235-239	-0.6570314317556054
2115	240-244	-0.9097836321681996
2115	245-249	-0.3053011733425208
2115	250-254	-0.10498679370233077
2115	255-259	-1.7625682761844317
2115	260-264	-0.6571606045260197
2115	265-269	-1.198713445614743
2115	270-274	-2.4288105194992156
2115	275-279	-0.15916400653852136
2115	280-284	0.4900605854146143
2115	285-289	0.4951500013430419
2115	290-294	0.09951365025637315
2115	295-299	-0.28300159590789775
2115	300-304	-0.7190781556163124
2115	305-309	-0.8367889136065898
2115	310-314	-0.14048878606247683
2115	315-319	-0.4520047842705388
2115	320-324	-0.4367806132432719
2115	325-326	-0.9685106778369814
2116	1	-0.00290125200167779
2116	2	-0.10301976468329599
2116	3	0.0432979283049022
2116	4	-0.04709015852946408
2116	5	-0.08985376873186368
2116	6	0.11678256360227834
2116	7	0.14800598979440593
2116	8	0.2024443099912432
2116	9	0.14092464110801473
2116	10-14	0.08984506150972749
2116	15-19	0.18202298089674684
2116	20-24	0.21584325631216217
2116	25-29	0.1650827013858418
2116	30-34	0.16708586861480512
2116	35-39	0.25229356957994753
2116	40-44	0.2781421694986079
2116	45-49	0.09421177543195824
2116	50-54	0.216025446996845
2116	55-59	0.14510898036827768
2116	60-64	0.2455382837646951
2116	65-69	0.25985741189044376
2116	70-74	0.07178211512827914
2116	75-79	0.0984073881453682
2116	80-84	0.24811430982087046
2116	85-89	0.34956231285689654
2116	90-94	0.28586991436976206
2116	95-99	0.22990146883047657
2116	100-104	0.10975670922067593
2116	105-109	0.15338519349108282
2116	110-114	0.17830270156629524
2116	115-119	0.26495302519900576
2116	120-124	0.3288717132426555
2116	125-129	0.24619659017725581
2116	130-134	0.25361924407710745
2116	135-139	0.35942159617339087
2116	140-144	0.022555085954621745
2116	145-149	0.224769639253239
2116	150-154	0.13911142729357096
2116	155-159	-0.17387655652785838
2116	160-164	0.268426700343781
2116	165-169	0.05193460163204122
2116	170-174	0.07664912492884213
2116	175-179	0.11724229028048683
2116	180-184	-0.03189008796084636
2116	185-189	-0.10424190970314129
2116	190-194	-0.032059599237591385
2116	195-199	0.062351294991366046
2116	200-204	-0.7650669894924675
2116	205-209	-0.5053575710008218
2116	210-214	0.1277443809088865
2116	215-219	-0.3783206772757879
2116	220-224	-0.14390124425310802
2116	225-229	-0.14701782846020706
2116	230-234	0.2954548984041594
2116	235-239	-0.4904554611135694
2116	240-244	-0.25575394493478854
2116	245-249	0.1699507850031523
2116	250-254	0.47463024757184513
2116	255-259	-0.3791060826576711
2116	260-264	0.8621756083312562
2116	265-269	-0.541770111173907
2116	270-274	-0.5041546705036062
2116	275-279	0.53981977892796
2116	280-284	0.7112379575047783
2116	285-289	1.3480470359122947
2116	290-294	0.5962195586683521
2116	295-299	0.7252670080019072
2116	300-304	0.26618418936981314
2116	305-309	-0.661485770375716
2116	310-314	1.1479449265179262
2116	315-319	0.5419619844665711
2116	320-324	0.14828058412385303
2116	325-326	-0.116449962386028
2117	1	0.1849897027557006
2117	2	0.035637364452206555
2117	3	0.17104337406416903
2117	4	0.190750533279612
2117	5	0.06870569815276184
2117	6	0.13948888778487145
2117	7	0.2296735861516055
2117	8	0.21716523876700222
2117	9	-0.11075700501099561
2117	10-14	-0.02939595305608833
2117	15-19	0.04471295843502787
2117	20-24	-0.11988102233250686
2117	25-29	-0.20656064347167558
2117	30-34	-0.08445915773968693
2117	35-39	-0.14135390966607986
2117	40-44	-0.08273506064006853
2117	45-49	-0.05295157467558198
2117	50-54	0.08086136904602625
2117	55-59	-0.11078998066525969
2117	60-64	-0.28203892280856735
2117	65-69	-0.29161453183891695
2117	70-74	-0.2926704960095208
2117	75-79	-0.42613793352258256
2117	80-84	0.029254816387876303
2117	85-89	-0.013766913928925817
2117	90-94	-0.0458267658892737
2117	95-99	0.10495881631896964
2117	100-104	-0.04533834293644645
2117	105-109	0.038518397761492906
2117	110-114	0.24951202511948622
2117	115-119	0.12292097026472959
2117	120-124	0.16450918762645728
2117	125-129	-0.015856226188475375
2117	130-134	0.21027080700125111
2117	135-139	0.12467722129830605
2117	140-144	-0.10146463740527167
2117	145-149	0.19662775753970152
2117	150-154	0.20006352983595832
2117	155-159	0.012028937197477774
2117	160-164	0.1962139076031164
2117	165-169	0.23514051267408576
2117	170-174	0.36185511352795174
2117	175-179	0.21530425838066947
2117	180-184	0.20192897139119026
2117	185-189	0.2853588801857967
2117	190-194	0.1258263143101459
2117	195-199	0.26147251371126146
2117	200-204	-0.11941272101971379
2117	205-209	-0.3247677196419332
2117	210-214	0.3006483264757591
2117	215-219	0.8590009787466713
2117	220-224	0.45995930813221975
2117	225-229	-0.9597795462896741
2117	230-234	-0.38597644718120705
2117	235-239	-1.7326154852159306
2117	240-244	-0.32144478454975456
2117	245-249	0.8478479144966187
2117	250-254	0.7813487780443111
2117	255-259	0.8400863095901911
2117	260-264	1.6174400928601216
2117	265-269	0.878642313468962
2117	270-274	1.222951227711679
2117	275-279	1.1180930602185164
2117	280-284	1.2366710093457165
2117	285-289	1.1593124988534385
2117	290-294	-0.036113387873943026
2117	295-299	0.6898538525327922
2117	300-304	1.205712940671134
2117	305-309	0.14264324879579604
2117	310-314	0.5055933961080932
2117	315-319	0.3718870822332221
2117	320-324	0.4885544799050443
2117	325-326	0.6689436546669789
2118	1	-0.004257080294863158
2118	2	0.03522756197700261
2118	3	-0.039431177202118306
2118	4	0.02648121109290713
2118	5	0.07016049693974225
2118	6	0.04752921234842944
2118	7	-0.07310897265504934
2118	8	0.1620877860991854
2118	9	0.3562743858586046
2118	10-14	0.08845504276393257
2118	15-19	-0.051033291872322195
2118	20-24	-0.26749597192679175
2118	25-29	-0.3116913704612756
2118	30-34	-0.17255029781016873
2118	35-39	-0.010036804510761499
2118	40-44	-0.023629249640976013
2118	45-49	-0.16051652836789287
2118	50-54	0.04534788654459021
2118	55-59	0.09755359772995575
2118	60-64	-0.23028906623943612
2118	65-69	-0.3244356120782399
2118	70-74	-0.10067393835030458
2118	75-79	-0.19588221677805961
2118	80-84	0.021017786636207347
2118	85-89	-0.01550447642381414
2118	90-94	0.017811460485610553
2118	95-99	0.1561308513980606
2118	100-104	0.20839085958792936
2118	105-109	0.19313277363232118
2118	110-114	0.2061508252178399
2118	115-119	-0.1427539744119244
2118	120-124	0.1048747314343359
2118	125-129	-0.2659545787825266
2118	130-134	0.1558982145907919
2118	135-139	0.2379712135940082
2118	140-144	-0.11103762322610322
2118	145-149	0.013351796552896644
2118	150-154	-0.010316766861038218
2118	155-159	0.19182157714502068
2118	160-164	0.1737362418380215
2118	165-169	0.39728705803920406
2118	170-174	0.27254686010609674
2118	175-179	0.20496084390644853
2118	180-184	0.22250515367133517
2118	185-189	0.1271095563598834
2118	190-194	0.30222988778772475
2118	195-199	0.2581777018105882
2118	200-204	0.5005692476713719
2118	205-209	0.10933194432004001
2118	210-214	0.6386411139521826
2118	215-219	0.9831260504620971
2118	220-224	0.4396331053619562
2118	225-229	0.5268936772165986
2118	230-234	0.6189124963480097
2118	235-239	0.7772976366593269
2118	240-244	0.9781618050740519
2118	245-249	0.7515156466497217
2118	250-254	0.6744763905350979
2118	255-259	-0.13494852362020282
2118	260-264	1.2354304215217056
2118	265-269	1.0476243641205478
2118	270-274	1.6756641200975473
2118	275-279	1.616666947604795
2118	280-284	1.3759669686933158
2118	285-289	1.2176888614466748
2118	290-294	1.4794509101344175
2118	295-299	1.3042952917590895
2118	300-304	1.3888577648658682
2118	305-309	1.7178461010210242
2118	310-314	2.0518273113609453
2118	315-319	0.9161334554813223
2118	320-324	-1.2378204073992762
2118	325-326	-0.2684692623070397
2119	1	0.039101677349606234
2119	2	0.17245012777099333
2119	3	-0.050665974151201
2119	4	0.04556662303546233
2119	5	-0.004377399026722628
2119	6	0.10847884472663338
2119	7	-0.1968463463924195
2119	8	0.18325180726321122
2119	9	0.1809668891225371
2119	10-14	0.09500352074097407
2119	15-19	0.03184996243950167
2119	20-24	0.01182444310790487
2119	25-29	-0.1583690314246411
2119	30-34	-0.039526179071764034
2119	35-39	-0.03914420504672478
2119	40-44	0.07032045145158605
2119	45-49	0.038432142009348524
2119	50-54	0.16930171049840936
2119	55-59	0.1629902774523515
2119	60-64	0.27471333876296455
2119	65-69	0.023372400015489347
2119	70-74	-0.07203035970673
2119	75-79	0.10298056065614247
2119	80-84	-0.03196785206371544
2119	85-89	0.15629515251867332
2119	90-94	0.17544562526263263
2119	95-99	0.13770509725802071
2119	100-104	0.3148603160573913
2119	105-109	0.10938715417241696
2119	110-114	0.08273640894628187
2119	115-119	-0.11267770147851763
2119	120-124	0.08316099543488775
2119	125-129	0.12730110733031097
2119	130-134	0.006417007966717847
2119	135-139	0.2272792600449236
2119	140-144	0.09589565513574883
2119	145-149	0.15517478837589493
2119	150-154	0.6228757020457181
2119	155-159	0.48983916801976335
2119	160-164	0.48153875678338665
2119	165-169	0.5243776922727079
2119	170-174	0.5210007871314488
2119	175-179	0.06006975615821375
2119	180-184	0.1848737374684859
2119	185-189	0.17702366341684694
2119	190-194	0.4608020035026996
2119	195-199	0.5365601659073391
2119	200-204	0.4350707250299948
2119	205-209	0.1919850055445309
2119	210-214	0.4001232825772192
2119	215-219	0.44904716638322384
2119	220-224	0.4914231142948182
2119	225-229	0.8453022527680218
2119	230-234	1.1002118847902622
2119	235-239	1.114757266976099
2119	240-244	1.092213890554703
2119	245-249	1.394609854029639
2119	250-254	1.2394698626714202
2119	255-259	0.9456259283828174
2119	260-264	1.216025487831054
2119	265-269	1.6727978678654871
2119	270-274	1.9642060014965814
2119	275-279	1.5574145597809697
2119	280-284	1.8413314983435534
2119	285-289	2.147823541581353
2119	290-294	2.263495437036088
2119	295-299	1.2190482636549191
2119	300-304	0.8044524876034487
2119	305-309	2.003069079101145
2119	310-314	1.8026140907191532
2119	315-319	0.8552491017398225
2119	320-324	0.8999999732782484
2119	325-326	0.10843756102835655
